0.100000 	 0.000000 
0.101000 	 0.001267 
0.102000 	 0.002538 
0.103000 	 0.003816 
0.104000 	 0.005107 
0.105000 	 0.006413 
0.106000 	 0.007740 
0.107000 	 0.009091 
0.108000 	 0.010472 
0.109000 	 0.011887 
0.110000 	 0.013340 
0.111000 	 0.014839 
0.112000 	 0.016388 
0.113000 	 0.017994 
0.114000 	 0.019663 
0.115000 	 0.021403 
0.116000 	 0.023223 
0.117000 	 0.025130 
0.118000 	 0.027135 
0.119000 	 0.029248 
0.120000 	 0.031481 
0.121000 	 0.033848 
0.122000 	 0.036364 
0.123000 	 0.039045 
0.124000 	 0.041911 
0.125000 	 0.044982 
0.126000 	 0.048283 
0.127000 	 0.051841 
0.128000 	 0.055689 
0.129000 	 0.059862 
0.130000 	 0.064403 
0.131000 	 0.069362 
0.132000 	 0.074793 
0.133000 	 0.080766 
0.134000 	 0.087358 
0.135000 	 0.094663 
0.136000 	 0.102793 
0.137000 	 0.111881 
0.138000 	 0.122089 
0.139000 	 0.133616 
0.140000 	 0.146702 
0.141000 	 0.161650 
0.142000 	 0.178836 
0.143000 	 0.198736 
0.144000 	 0.221959 
0.145000 	 0.249297 
0.146000 	 0.281788 
0.147000 	 0.320824 
0.148000 	 0.368294 
0.149000 	 0.426823 
0.150000 	 0.500141 
0.151000 	 0.593689 
0.152000 	 0.715656 
0.153000 	 0.878824 
0.154000 	 1.104035 
0.155000 	 1.427126 
0.156000 	 1.913937 
0.157000 	 2.696098 
0.158000 	 4.067876 
0.159000 	 6.796663 
0.160000 	 13.382565 
0.161000 	 35.032903 
0.162000 	 116.907177 
0.163000 	 67.863693 
0.164000 	 21.234166 
0.165000 	 9.464960 
0.166000 	 5.250626 
0.167000 	 3.316163 
0.168000 	 2.277773 
0.169000 	 1.658496 
0.170000 	 1.260326 
0.171000 	 0.989506 
0.172000 	 0.797092 
0.173000 	 0.655548 
0.174000 	 0.548427 
0.175000 	 0.465425 
0.176000 	 0.399818 
0.177000 	 0.347071 
0.178000 	 0.304034 
0.179000 	 0.268466 
0.180000 	 0.238735 
0.181000 	 0.213634 
0.182000 	 0.192249 
0.183000 	 0.173884 
0.184000 	 0.157996 
0.185000 	 0.144160 
0.186000 	 0.132038 
0.187000 	 0.121359 
0.188000 	 0.111904 
0.189000 	 0.103493 
0.190000 	 0.095978 
0.191000 	 0.089236 
0.192000 	 0.083166 
0.193000 	 0.077682 
0.194000 	 0.072710 
0.195000 	 0.068190 
0.196000 	 0.064068 
0.197000 	 0.060299 
0.198000 	 0.056844 
0.199000 	 0.053670 
0.200000 	 0.050747 
0.201000 	 0.046371 
0.202000 	 0.042494 
0.203000 	 0.039039 
0.204000 	 0.035947 
0.205000 	 0.033166 
0.206000 	 0.030655 
0.207000 	 0.028379 
0.208000 	 0.026307 
0.209000 	 0.024414 
0.210000 	 0.022679 
0.211000 	 0.021084 
0.212000 	 0.019612 
0.213000 	 0.018249 
0.214000 	 0.016984 
0.215000 	 0.015806 
0.216000 	 0.014705 
0.217000 	 0.013674 
0.218000 	 0.012706 
0.219000 	 0.011794 
0.220000 	 0.010932 
0.221000 	 0.010116 
0.222000 	 0.009340 
0.223000 	 0.008601 
0.224000 	 0.007895 
0.225000 	 0.007218 
0.226000 	 0.006567 
0.227000 	 0.005941 
0.228000 	 0.005335 
0.229000 	 0.004747 
0.230000 	 0.004176 
0.231000 	 0.003618 
0.232000 	 0.003073 
0.233000 	 0.002538 
0.234000 	 0.002011 
0.235000 	 0.001490 
0.236000 	 0.000975 
0.237000 	 0.000462 
0.238000 	 0.000049 
0.239000 	 0.000560 
0.240000 	 0.001073 
0.241000 	 0.001590 
0.242000 	 0.002111 
0.243000 	 0.002640 
0.244000 	 0.003177 
0.245000 	 0.003724 
0.246000 	 0.004284 
0.247000 	 0.004858 
0.248000 	 0.005449 
0.249000 	 0.006059 
0.250000 	 0.006690 
0.251000 	 0.007345 
0.252000 	 0.008027 
0.253000 	 0.008740 
0.254000 	 0.009485 
0.255000 	 0.010269 
0.256000 	 0.011093 
0.257000 	 0.011964 
0.258000 	 0.012887 
0.259000 	 0.013867 
0.260000 	 0.014910 
0.261000 	 0.016025 
0.262000 	 0.017219 
0.263000 	 0.018502 
0.264000 	 0.019885 
0.265000 	 0.021379 
0.266000 	 0.023000 
0.267000 	 0.024764 
0.268000 	 0.026689 
0.269000 	 0.028798 
0.270000 	 0.031117 
0.271000 	 0.033676 
0.272000 	 0.036513 
0.273000 	 0.039671 
0.274000 	 0.043201 
0.275000 	 0.047168 
0.276000 	 0.051648 
0.277000 	 0.056737 
0.278000 	 0.062552 
0.279000 	 0.069240 
0.280000 	 0.076990 
0.281000 	 0.086040 
0.282000 	 0.096702 
0.283000 	 0.109386 
0.284000 	 0.124641 
0.285000 	 0.143216 
0.286000 	 0.166153 
0.287000 	 0.194938 
0.288000 	 0.231747 
0.289000 	 0.279871 
0.290000 	 0.344477 
0.291000 	 0.434055 
0.292000 	 0.563359 
0.293000 	 0.759874 
0.294000 	 1.079703 
0.295000 	 1.652382 
0.296000 	 2.835162 
0.297000 	 5.933893 
0.298000 	 19.065270 
0.299000 	 227.414165 
0.300000 	 41.116859 
0.301000 	 8.767693 
0.302000 	 3.652274 
0.303000 	 1.985105 
0.304000 	 1.243485 
0.305000 	 0.850691 
0.306000 	 0.617957 
0.307000 	 0.468823 
0.308000 	 0.367566 
0.309000 	 0.295684 
0.310000 	 0.242819 
0.311000 	 0.202803 
0.312000 	 0.171782 
0.313000 	 0.147244 
0.314000 	 0.127497 
0.315000 	 0.111365 
0.316000 	 0.098012 
0.317000 	 0.086832 
0.318000 	 0.077374 
0.319000 	 0.069298 
0.320000 	 0.062344 
0.321000 	 0.056309 
0.322000 	 0.051037 
0.323000 	 0.046400 
0.324000 	 0.042297 
0.325000 	 0.038646 
0.326000 	 0.035381 
0.327000 	 0.032446 
0.328000 	 0.029795 
0.329000 	 0.027390 
0.330000 	 0.025199 
0.331000 	 0.023193 
0.332000 	 0.021351 
0.333000 	 0.019652 
0.334000 	 0.018079 
0.335000 	 0.016616 
0.336000 	 0.015252 
0.337000 	 0.013974 
0.338000 	 0.012773 
0.339000 	 0.011639 
0.340000 	 0.010566 
0.341000 	 0.009545 
0.342000 	 0.008571 
0.343000 	 0.007638 
0.344000 	 0.006740 
0.345000 	 0.005873 
0.346000 	 0.005032 
0.347000 	 0.004214 
0.348000 	 0.003415 
0.349000 	 0.002630 
0.350000 	 0.001856 
0.351000 	 0.001090 
0.352000 	 0.000329 
0.353000 	 0.000431 
0.354000 	 0.001192 
0.355000 	 0.001959 
0.356000 	 0.002734 
0.357000 	 0.003520 
0.358000 	 0.004322 
0.359000 	 0.005143 
0.360000 	 0.005987 
0.361000 	 0.006858 
0.362000 	 0.007760 
0.363000 	 0.008698 
0.364000 	 0.009678 
0.365000 	 0.010706 
0.366000 	 0.011787 
0.367000 	 0.012929 
0.368000 	 0.014140 
0.369000 	 0.015429 
0.370000 	 0.016806 
0.371000 	 0.018282 
0.372000 	 0.019871 
0.373000 	 0.021588 
0.374000 	 0.023451 
0.375000 	 0.025480 
0.376000 	 0.027698 
0.377000 	 0.030134 
0.378000 	 0.032820 
0.379000 	 0.035797 
0.380000 	 0.039110 
0.381000 	 0.042816 
0.382000 	 0.046985 
0.383000 	 0.051701 
0.384000 	 0.057067 
0.385000 	 0.063214 
0.386000 	 0.070306 
0.387000 	 0.078550 
0.388000 	 0.088216 
0.389000 	 0.099657 
0.390000 	 0.113341 
0.391000 	 0.129901 
0.392000 	 0.150211 
0.393000 	 0.175502 
0.394000 	 0.207555 
0.395000 	 0.249024 
0.396000 	 0.304004 
0.397000 	 0.379082 
0.398000 	 0.485409 
0.399000 	 0.643082 
0.400000 	 0.891383 
0.401000 	 1.260537 
0.402000 	 1.915767 
0.403000 	 3.250067 
0.404000 	 6.654630 
0.405000 	 20.149957 
0.406000 	 176.017946 
0.407000 	 54.354366 
0.408000 	 11.391038 
0.409000 	 4.674826 
0.410000 	 2.519658 
0.411000 	 1.570206 
0.412000 	 1.070571 
0.413000 	 0.775889 
0.414000 	 0.587710 
0.415000 	 0.460287 
0.416000 	 0.370027 
0.417000 	 0.303766 
0.418000 	 0.253692 
0.419000 	 0.214927 
0.420000 	 0.184303 
0.421000 	 0.159686 
0.422000 	 0.139601 
0.423000 	 0.122995 
0.424000 	 0.109107 
0.425000 	 0.097372 
0.426000 	 0.087365 
0.427000 	 0.078759 
0.428000 	 0.071303 
0.429000 	 0.064798 
0.430000 	 0.059088 
0.431000 	 0.054045 
0.432000 	 0.049567 
0.433000 	 0.045572 
0.434000 	 0.041991 
0.435000 	 0.038766 
0.436000 	 0.035849 
0.437000 	 0.033202 
0.438000 	 0.030789 
0.439000 	 0.028583 
0.440000 	 0.026558 
0.441000 	 0.024694 
0.442000 	 0.022973 
0.443000 	 0.021377 
0.444000 	 0.019895 
0.445000 	 0.018512 
0.446000 	 0.017220 
0.447000 	 0.016009 
0.448000 	 0.014869 
0.449000 	 0.013795 
0.450000 	 0.012779 
0.451000 	 0.011816 
0.452000 	 0.010900 
0.453000 	 0.010026 
0.454000 	 0.009190 
0.455000 	 0.008389 
0.456000 	 0.007617 
0.457000 	 0.006873 
0.458000 	 0.006153 
0.459000 	 0.005454 
0.460000 	 0.004774 
0.461000 	 0.004110 
0.462000 	 0.003459 
0.463000 	 0.002820 
0.464000 	 0.002189 
0.465000 	 0.001566 
0.466000 	 0.000948 
0.467000 	 0.000333 
0.468000 	 0.000281 
0.469000 	 0.000896 
0.470000 	 0.001514 
0.471000 	 0.002137 
0.472000 	 0.002766 
0.473000 	 0.003405 
0.474000 	 0.004055 
0.475000 	 0.004718 
0.476000 	 0.005397 
0.477000 	 0.006094 
0.478000 	 0.006812 
0.479000 	 0.007554 
0.480000 	 0.008323 
0.481000 	 0.009122 
0.482000 	 0.009954 
0.483000 	 0.010825 
0.484000 	 0.011737 
0.485000 	 0.012696 
0.486000 	 0.013708 
0.487000 	 0.014777 
0.488000 	 0.015910 
0.489000 	 0.017115 
0.490000 	 0.018400 
0.491000 	 0.019775 
0.492000 	 0.021248 
0.493000 	 0.022834 
0.494000 	 0.024544 
0.495000 	 0.026396 
0.496000 	 0.028406 
0.497000 	 0.030596 
0.498000 	 0.032990 
0.499000 	 0.035617 
0.500000 	 0.038509 
0.501000 	 0.040204 
0.502000 	 0.042011 
0.503000 	 0.043941 
0.504000 	 0.046005 
0.505000 	 0.048216 
0.506000 	 0.050587 
0.507000 	 0.053135 
0.508000 	 0.055878 
0.509000 	 0.058836 
0.510000 	 0.062032 
0.511000 	 0.065492 
0.512000 	 0.069246 
0.513000 	 0.073329 
0.514000 	 0.077779 
0.515000 	 0.082643 
0.516000 	 0.087972 
0.517000 	 0.093830 
0.518000 	 0.100286 
0.519000 	 0.107426 
0.520000 	 0.115350 
0.521000 	 0.124176 
0.522000 	 0.134047 
0.523000 	 0.145135 
0.524000 	 0.157647 
0.525000 	 0.171839 
0.526000 	 0.188024 
0.527000 	 0.206593 
0.528000 	 0.228039 
0.529000 	 0.252987 
0.530000 	 0.282243 
0.531000 	 0.316856 
0.532000 	 0.358218 
0.533000 	 0.408201 
0.534000 	 0.469374 
0.535000 	 0.545340 
0.536000 	 0.641270 
0.537000 	 0.764805 
0.538000 	 0.927613 
0.539000 	 1.148221 
0.540000 	 1.457460 
0.541000 	 1.909679 
0.542000 	 2.607844 
0.543000 	 3.765971 
0.544000 	 5.887118 
0.545000 	 10.370839 
0.546000 	 22.119004 
0.547000 	 61.683497 
0.548000 	 106.100219 
0.549000 	 40.243549 
0.550000 	 16.003762 
0.551000 	 8.173862 
0.552000 	 4.891731 
0.553000 	 3.238805 
0.554000 	 2.297016 
0.555000 	 1.711672 
0.556000 	 1.323778 
0.557000 	 1.053799 
0.558000 	 0.858470 
0.559000 	 0.712655 
0.560000 	 0.600956 
0.561000 	 0.513518 
0.562000 	 0.443799 
0.563000 	 0.387321 
0.564000 	 0.340933 
0.565000 	 0.302370 
0.566000 	 0.269966 
0.567000 	 0.242476 
0.568000 	 0.218956 
0.569000 	 0.198676 
0.570000 	 0.181068 
0.571000 	 0.165681 
0.572000 	 0.152158 
0.573000 	 0.140208 
0.574000 	 0.129597 
0.575000 	 0.120132 
0.576000 	 0.111653 
0.577000 	 0.104027 
0.578000 	 0.097145 
0.579000 	 0.090912 
0.580000 	 0.085248 
0.581000 	 0.080087 
0.582000 	 0.075370 
0.583000 	 0.071048 
0.584000 	 0.067078 
0.585000 	 0.063422 
0.586000 	 0.060048 
0.587000 	 0.056927 
0.588000 	 0.054035 
0.589000 	 0.051350 
0.590000 	 0.048852 
0.591000 	 0.046525 
0.592000 	 0.044352 
0.593000 	 0.042320 
0.594000 	 0.040418 
0.595000 	 0.038634 
0.596000 	 0.036959 
0.597000 	 0.035384 
0.598000 	 0.033901 
0.599000 	 0.032502 
0.600000 	 0.031182 
0.601000 	 0.029132 
0.602000 	 0.027213 
0.603000 	 0.025413 
0.604000 	 0.023719 
0.605000 	 0.022121 
0.606000 	 0.020609 
0.607000 	 0.019177 
0.608000 	 0.017815 
0.609000 	 0.016517 
0.610000 	 0.015277 
0.611000 	 0.014090 
0.612000 	 0.012950 
0.613000 	 0.011852 
0.614000 	 0.010793 
0.615000 	 0.009768 
0.616000 	 0.008773 
0.617000 	 0.007805 
0.618000 	 0.006860 
0.619000 	 0.005937 
0.620000 	 0.005030 
0.621000 	 0.004139 
0.622000 	 0.003259 
0.623000 	 0.002389 
0.624000 	 0.001526 
0.625000 	 0.000667 
0.626000 	 0.000190 
0.627000 	 0.001047 
0.628000 	 0.001908 
0.629000 	 0.002773 
0.630000 	 0.003647 
0.631000 	 0.004532 
0.632000 	 0.005430 
0.633000 	 0.006343 
0.634000 	 0.007276 
0.635000 	 0.008230 
0.636000 	 0.009210 
0.637000 	 0.010218 
0.638000 	 0.011258 
0.639000 	 0.012333 
0.640000 	 0.013449 
0.641000 	 0.014610 
0.642000 	 0.015819 
0.643000 	 0.017084 
0.644000 	 0.018409 
0.645000 	 0.019802 
0.646000 	 0.021268 
0.647000 	 0.022817 
0.648000 	 0.024456 
0.649000 	 0.026196 
0.650000 	 0.028048 
0.651000 	 0.030023 
0.652000 	 0.032135 
0.653000 	 0.034401 
0.654000 	 0.036838 
0.655000 	 0.039467 
0.656000 	 0.042309 
0.657000 	 0.045393 
0.658000 	 0.048749 
0.659000 	 0.052413 
0.660000 	 0.056426 
0.661000 	 0.060837 
0.662000 	 0.065703 
0.663000 	 0.071092 
0.664000 	 0.077086 
0.665000 	 0.083782 
0.666000 	 0.091296 
0.667000 	 0.099770 
0.668000 	 0.109381 
0.669000 	 0.120344 
0.670000 	 0.132928 
0.671000 	 0.147475 
0.672000 	 0.164419 
0.673000 	 0.184323 
0.674000 	 0.207921 
0.675000 	 0.236195 
0.676000 	 0.270471 
0.677000 	 0.312582 
0.678000 	 0.365119 
0.679000 	 0.431836 
0.680000 	 0.518337 
0.681000 	 0.633298 
0.682000 	 0.790713 
0.683000 	 1.014346 
0.684000 	 1.347197 
0.685000 	 1.873634 
0.686000 	 2.777877 
0.687000 	 4.526438 
0.688000 	 8.589886 
0.689000 	 21.562117 
0.690000 	 92.983491 
0.691000 	 105.041997 
0.692000 	 23.434207 
0.693000 	 9.071516 
0.694000 	 4.711379 
0.695000 	 2.867067 
0.696000 	 1.923342 
0.697000 	 1.377841 
0.698000 	 1.034724 
0.699000 	 0.805110 
0.700000 	 0.644000 
0.701000 	 0.510820 
0.702000 	 0.414792 
0.703000 	 0.343279 
0.704000 	 0.288591 
0.705000 	 0.245830 
0.706000 	 0.211760 
0.707000 	 0.184172 
0.708000 	 0.161515 
0.709000 	 0.142675 
0.710000 	 0.126838 
0.711000 	 0.113392 
0.712000 	 0.101877 
0.713000 	 0.091935 
0.714000 	 0.083290 
0.715000 	 0.075721 
0.716000 	 0.069053 
0.717000 	 0.063147 
0.718000 	 0.057886 
0.719000 	 0.053177 
0.720000 	 0.048943 
0.721000 	 0.045118 
0.722000 	 0.041649 
0.723000 	 0.038489 
0.724000 	 0.035601 
0.725000 	 0.032950 
0.726000 	 0.030509 
0.727000 	 0.028253 
0.728000 	 0.026161 
0.729000 	 0.024214 
0.730000 	 0.022397 
0.731000 	 0.020695 
0.732000 	 0.019096 
0.733000 	 0.017589 
0.734000 	 0.016163 
0.735000 	 0.014811 
0.736000 	 0.013524 
0.737000 	 0.012294 
0.738000 	 0.011116 
0.739000 	 0.009984 
0.740000 	 0.008891 
0.741000 	 0.007834 
0.742000 	 0.006807 
0.743000 	 0.005806 
0.744000 	 0.004827 
0.745000 	 0.003867 
0.746000 	 0.002920 
0.747000 	 0.001984 
0.748000 	 0.001056 
0.749000 	 0.000131 
0.750000 	 0.000793 
0.751000 	 0.001720 
0.752000 	 0.002653 
0.753000 	 0.003596 
0.754000 	 0.004552 
0.755000 	 0.005525 
0.756000 	 0.006520 
0.757000 	 0.007539 
0.758000 	 0.008587 
0.759000 	 0.009669 
0.760000 	 0.010789 
0.761000 	 0.011954 
0.762000 	 0.013168 
0.763000 	 0.014438 
0.764000 	 0.015771 
0.765000 	 0.017175 
0.766000 	 0.018658 
0.767000 	 0.020230 
0.768000 	 0.021902 
0.769000 	 0.023684 
0.770000 	 0.025593 
0.771000 	 0.027641 
0.772000 	 0.029849 
0.773000 	 0.032235 
0.774000 	 0.034823 
0.775000 	 0.037641 
0.776000 	 0.040720 
0.777000 	 0.044096 
0.778000 	 0.047815 
0.779000 	 0.051927 
0.780000 	 0.056493 
0.781000 	 0.061588 
0.782000 	 0.067300 
0.783000 	 0.073738 
0.784000 	 0.081034 
0.785000 	 0.089353 
0.786000 	 0.098900 
0.787000 	 0.109935 
0.788000 	 0.122789 
0.789000 	 0.137891 
0.790000 	 0.155803 
0.791000 	 0.177275 
0.792000 	 0.203324 
0.793000 	 0.235358 
0.794000 	 0.275368 
0.795000 	 0.326251 
0.796000 	 0.392342 
0.797000 	 0.480375 
0.798000 	 0.601267 
0.799000 	 0.773657 
0.800000 	 1.031532 
0.801000 	 1.378830 
0.802000 	 1.934172 
0.803000 	 2.902721 
0.804000 	 4.818753 
0.805000 	 9.441799 
0.806000 	 25.285579 
0.807000 	 119.820398 
0.808000 	 81.546653 
0.809000 	 19.490878 
0.810000 	 7.965857 
0.811000 	 4.253996 
0.812000 	 2.630840 
0.813000 	 1.782843 
0.814000 	 1.285662 
0.815000 	 0.969672 
0.816000 	 0.756507 
0.817000 	 0.605967 
0.818000 	 0.495718 
0.819000 	 0.412555 
0.820000 	 0.348266 
0.821000 	 0.297528 
0.822000 	 0.256770 
0.823000 	 0.223520 
0.824000 	 0.196028 
0.825000 	 0.173024 
0.826000 	 0.153567 
0.827000 	 0.136952 
0.828000 	 0.122638 
0.829000 	 0.110206 
0.830000 	 0.099329 
0.831000 	 0.089746 
0.832000 	 0.081247 
0.833000 	 0.073664 
0.834000 	 0.066858 
0.835000 	 0.060715 
0.836000 	 0.055139 
0.837000 	 0.050052 
0.838000 	 0.045386 
0.839000 	 0.041085 
0.840000 	 0.037100 
0.841000 	 0.033388 
0.842000 	 0.029914 
0.843000 	 0.026646 
0.844000 	 0.023555 
0.845000 	 0.020617 
0.846000 	 0.017808 
0.847000 	 0.015110 
0.848000 	 0.012503 
0.849000 	 0.009971 
0.850000 	 0.007498 
0.851000 	 0.005068 
0.852000 	 0.002668 
0.853000 	 0.000283 
0.854000 	 0.002101 
0.855000 	 0.004496 
0.856000 	 0.006918 
0.857000 	 0.009379 
0.858000 	 0.011896 
0.859000 	 0.014484 
0.860000 	 0.017158 
0.861000 	 0.019939 
0.862000 	 0.022844 
0.863000 	 0.025897 
0.864000 	 0.029121 
0.865000 	 0.032543 
0.866000 	 0.036195 
0.867000 	 0.040112 
0.868000 	 0.044334 
0.869000 	 0.048908 
0.870000 	 0.053890 
0.871000 	 0.059343 
0.872000 	 0.065343 
0.873000 	 0.071983 
0.874000 	 0.079370 
0.875000 	 0.087637 
0.876000 	 0.096945 
0.877000 	 0.107494 
0.878000 	 0.119529 
0.879000 	 0.133362 
0.880000 	 0.149388 
0.881000 	 0.168113 
0.882000 	 0.190200 
0.883000 	 0.216526 
0.884000 	 0.248271 
0.885000 	 0.287055 
0.886000 	 0.335150 
0.887000 	 0.395819 
0.888000 	 0.473891 
0.889000 	 0.576748 
0.890000 	 0.716139 
0.891000 	 0.911675 
0.892000 	 1.198097 
0.893000 	 1.641729 
0.894000 	 2.382197 
0.895000 	 3.755392 
0.896000 	 6.741312 
0.897000 	 15.211368 
0.898000 	 54.492579 
0.899000 	 164.008707 
0.900000 	 34.530592 
0.901000 	 11.223290 
0.902000 	 5.369263 
0.903000 	 3.119674 
0.904000 	 2.031589 
0.905000 	 1.425347 
0.906000 	 1.053731 
0.907000 	 0.809723 
0.908000 	 0.640972 
0.909000 	 0.519439 
0.910000 	 0.429011 
0.911000 	 0.359902 
0.912000 	 0.305889 
0.913000 	 0.262862 
0.914000 	 0.228020 
0.915000 	 0.199398 
0.916000 	 0.175589 
0.917000 	 0.155559 
0.918000 	 0.138537 
0.919000 	 0.123940 
0.920000 	 0.111318 
0.921000 	 0.100320 
0.922000 	 0.090669 
0.923000 	 0.082143 
0.924000 	 0.074566 
0.925000 	 0.067791 
0.926000 	 0.061700 
0.927000 	 0.056194 
0.928000 	 0.051192 
0.929000 	 0.046624 
0.930000 	 0.042433 
0.931000 	 0.038568 
0.932000 	 0.034987 
0.933000 	 0.031653 
0.934000 	 0.028535 
0.935000 	 0.025604 
0.936000 	 0.022837 
0.937000 	 0.020210 
0.938000 	 0.017705 
0.939000 	 0.015305 
0.940000 	 0.012992 
0.941000 	 0.010754 
0.942000 	 0.008575 
0.943000 	 0.006443 
0.944000 	 0.004346 
0.945000 	 0.002273 
0.946000 	 0.000212 
0.947000 	 0.001847 
0.948000 	 0.003917 
0.949000 	 0.006008 
0.950000 	 0.008131 
0.951000 	 0.010299 
0.952000 	 0.012525 
0.953000 	 0.014821 
0.954000 	 0.017202 
0.955000 	 0.019684 
0.956000 	 0.022284 
0.957000 	 0.025020 
0.958000 	 0.027915 
0.959000 	 0.030993 
0.960000 	 0.034279 
0.961000 	 0.037806 
0.962000 	 0.041610 
0.963000 	 0.045730 
0.964000 	 0.050215 
0.965000 	 0.055122 
0.966000 	 0.060518 
0.967000 	 0.066481 
0.968000 	 0.073105 
0.969000 	 0.080506 
0.970000 	 0.088823 
0.971000 	 0.098225 
0.972000 	 0.108924 
0.973000 	 0.121185 
0.974000 	 0.135341 
0.975000 	 0.151819 
0.976000 	 0.171172 
0.977000 	 0.194127 
0.978000 	 0.221654 
0.979000 	 0.255072 
0.980000 	 0.296213 
0.981000 	 0.347673 
0.982000 	 0.413241 
0.983000 	 0.498611 
0.984000 	 0.612668 
0.985000 	 0.769886 
0.986000 	 0.995143 
0.987000 	 1.334156 
0.988000 	 1.878447 
0.989000 	 2.833478 
0.990000 	 4.741019 
0.991000 	 9.423025 
0.992000 	 26.074799 
0.993000 	 133.191350 
0.994000 	 73.805462 
0.995000 	 17.704794 
0.996000 	 7.333538 
0.997000 	 3.948224 
0.998000 	 2.454766 
0.999000 	 1.669994 
1.000000 	 1.208054 
1.001000 	 0.885602 
1.002000 	 0.676544 
1.003000 	 0.533357 
1.004000 	 0.431023 
1.005000 	 0.355360 
1.006000 	 0.297843 
1.007000 	 0.253100 
1.008000 	 0.217606 
1.009000 	 0.188974 
1.010000 	 0.165539 
1.011000 	 0.146114 
1.012000 	 0.129829 
1.013000 	 0.116040 
1.014000 	 0.104259 
1.015000 	 0.094112 
1.016000 	 0.085308 
1.017000 	 0.077616 
1.018000 	 0.070856 
1.019000 	 0.064880 
1.020000 	 0.059569 
1.021000 	 0.054827 
1.022000 	 0.050572 
1.023000 	 0.046738 
1.024000 	 0.043270 
1.025000 	 0.040120 
1.026000 	 0.037248 
1.027000 	 0.034622 
1.028000 	 0.032211 
1.029000 	 0.029991 
1.030000 	 0.027941 
1.031000 	 0.026041 
1.032000 	 0.024276 
1.033000 	 0.022631 
1.034000 	 0.021094 
1.035000 	 0.019654 
1.036000 	 0.018300 
1.037000 	 0.017025 
1.038000 	 0.015820 
1.039000 	 0.014678 
1.040000 	 0.013594 
1.041000 	 0.012561 
1.042000 	 0.011574 
1.043000 	 0.010630 
1.044000 	 0.009723 
1.045000 	 0.008849 
1.046000 	 0.008006 
1.047000 	 0.007189 
1.048000 	 0.006395 
1.049000 	 0.005623 
1.050000 	 0.004868 
1.051000 	 0.004129 
1.052000 	 0.003403 
1.053000 	 0.002687 
1.054000 	 0.001979 
1.055000 	 0.001278 
1.056000 	 0.000580 
1.057000 	 0.000115 
1.058000 	 0.000812 
1.059000 	 0.001510 
1.060000 	 0.002213 
1.061000 	 0.002923 
1.062000 	 0.003642 
1.063000 	 0.004373 
1.064000 	 0.005117 
1.065000 	 0.005877 
1.066000 	 0.006656 
1.067000 	 0.007457 
1.068000 	 0.008282 
1.069000 	 0.009136 
1.070000 	 0.010020 
1.071000 	 0.010939 
1.072000 	 0.011897 
1.073000 	 0.012898 
1.074000 	 0.013948 
1.075000 	 0.015050 
1.076000 	 0.016212 
1.077000 	 0.017440 
1.078000 	 0.018740 
1.079000 	 0.020122 
1.080000 	 0.021593 
1.081000 	 0.023165 
1.082000 	 0.024848 
1.083000 	 0.026656 
1.084000 	 0.028604 
1.085000 	 0.030708 
1.086000 	 0.032989 
1.087000 	 0.035468 
1.088000 	 0.038173 
1.089000 	 0.041133 
1.090000 	 0.044384 
1.091000 	 0.047968 
1.092000 	 0.051935 
1.093000 	 0.056343 
1.094000 	 0.061265 
1.095000 	 0.066784 
1.096000 	 0.073006 
1.097000 	 0.080058 
1.098000 	 0.088096 
1.099000 	 0.097319 
1.100000 	 0.107972 
1.101000 	 0.116159 
1.102000 	 0.125288 
1.103000 	 0.135509 
1.104000 	 0.147003 
1.105000 	 0.159988 
1.106000 	 0.174734 
1.107000 	 0.191572 
1.108000 	 0.210916 
1.109000 	 0.233287 
1.110000 	 0.259350 
1.111000 	 0.289959 
1.112000 	 0.326236 
1.113000 	 0.369665 
1.114000 	 0.422253 
1.115000 	 0.486759 
1.116000 	 0.567065 
1.117000 	 0.668767 
1.118000 	 0.800171 
1.119000 	 0.974027 
1.120000 	 1.210705 
1.121000 	 1.544364 
1.122000 	 2.035781 
1.123000 	 2.801456 
1.124000 	 4.087198 
1.125000 	 6.482355 
1.126000 	 11.669869 
1.127000 	 25.710201 
1.128000 	 72.237499 
1.129000 	 95.092288 
1.130000 	 34.588546 
1.131000 	 14.483382 
1.132000 	 7.636403 
1.133000 	 4.657888 
1.134000 	 3.121694 
1.135000 	 2.232114 
1.136000 	 1.672732 
1.137000 	 1.298769 
1.138000 	 1.036687 
1.139000 	 0.846014 
1.140000 	 0.703016 
1.141000 	 0.593042 
1.142000 	 0.506658 
1.143000 	 0.437567 
1.144000 	 0.381440 
1.145000 	 0.335221 
1.146000 	 0.296701 
1.147000 	 0.264255 
1.148000 	 0.236665 
1.149000 	 0.213001 
1.150000 	 0.192546 
1.151000 	 0.174740 
1.152000 	 0.159139 
1.153000 	 0.145388 
1.154000 	 0.133201 
1.155000 	 0.122343 
1.156000 	 0.112623 
1.157000 	 0.103882 
1.158000 	 0.095989 
1.159000 	 0.088832 
1.160000 	 0.082318 
1.161000 	 0.076367 
1.162000 	 0.070911 
1.163000 	 0.065893 
1.164000 	 0.061262 
1.165000 	 0.056974 
1.166000 	 0.052992 
1.167000 	 0.049283 
1.168000 	 0.045818 
1.169000 	 0.042571 
1.170000 	 0.039520 
1.171000 	 0.036644 
1.172000 	 0.033926 
1.173000 	 0.031349 
1.174000 	 0.028900 
1.175000 	 0.026565 
1.176000 	 0.024333 
1.177000 	 0.022192 
1.178000 	 0.020132 
1.179000 	 0.018146 
1.180000 	 0.016224 
1.181000 	 0.014359 
1.182000 	 0.012543 
1.183000 	 0.010770 
1.184000 	 0.009033 
1.185000 	 0.007326 
1.186000 	 0.005643 
1.187000 	 0.003979 
1.188000 	 0.002328 
1.189000 	 0.000684 
1.190000 	 0.000957 
1.191000 	 0.002602 
1.192000 	 0.004255 
1.193000 	 0.005922 
1.194000 	 0.007608 
1.195000 	 0.009320 
1.196000 	 0.011062 
1.197000 	 0.012842 
1.198000 	 0.014666 
1.199000 	 0.016540 
1.200000 	 0.018472 
1.201000 	 0.018775 
1.202000 	 0.019084 
1.203000 	 0.019401 
1.204000 	 0.019725 
1.205000 	 0.020057 
1.206000 	 0.020396 
1.207000 	 0.020744 
1.208000 	 0.021100 
1.209000 	 0.021465 
1.210000 	 0.021839 
1.211000 	 0.022222 
1.212000 	 0.022614 
1.213000 	 0.023017 
1.214000 	 0.023430 
1.215000 	 0.023853 
1.216000 	 0.024287 
1.217000 	 0.024733 
1.218000 	 0.025190 
1.219000 	 0.025660 
1.220000 	 0.026142 
1.221000 	 0.026637 
1.222000 	 0.027145 
1.223000 	 0.027668 
1.224000 	 0.028205 
1.225000 	 0.028758 
1.226000 	 0.029326 
1.227000 	 0.029910 
1.228000 	 0.030511 
1.229000 	 0.031130 
1.230000 	 0.031767 
1.231000 	 0.032423 
1.232000 	 0.033099 
1.233000 	 0.033796 
1.234000 	 0.034514 
1.235000 	 0.035254 
1.236000 	 0.036018 
1.237000 	 0.036806 
1.238000 	 0.037619 
1.239000 	 0.038459 
1.240000 	 0.039326 
1.241000 	 0.040222 
1.242000 	 0.041148 
1.243000 	 0.042105 
1.244000 	 0.043096 
1.245000 	 0.044121 
1.246000 	 0.045182 
1.247000 	 0.046281 
1.248000 	 0.047419 
1.249000 	 0.048599 
1.250000 	 0.049822 
1.251000 	 0.051092 
1.252000 	 0.052409 
1.253000 	 0.053777 
1.254000 	 0.055198 
1.255000 	 0.056675 
1.256000 	 0.058211 
1.257000 	 0.059809 
1.258000 	 0.061472 
1.259000 	 0.063205 
1.260000 	 0.065011 
1.261000 	 0.066894 
1.262000 	 0.068859 
1.263000 	 0.070910 
1.264000 	 0.073053 
1.265000 	 0.075293 
1.266000 	 0.077636 
1.267000 	 0.080089 
1.268000 	 0.082658 
1.269000 	 0.085352 
1.270000 	 0.088177 
1.271000 	 0.091144 
1.272000 	 0.094261 
1.273000 	 0.097539 
1.274000 	 0.100989 
1.275000 	 0.104624 
1.276000 	 0.108456 
1.277000 	 0.112500 
1.278000 	 0.116773 
1.279000 	 0.121292 
1.280000 	 0.126076 
1.281000 	 0.131145 
1.282000 	 0.136525 
1.283000 	 0.142239 
1.284000 	 0.148317 
1.285000 	 0.154789 
1.286000 	 0.161692 
1.287000 	 0.169063 
1.288000 	 0.176946 
1.289000 	 0.185390 
1.290000 	 0.194449 
1.291000 	 0.204183 
1.292000 	 0.214662 
1.293000 	 0.225963 
1.294000 	 0.238175 
1.295000 	 0.251398 
1.296000 	 0.265745 
1.297000 	 0.281349 
1.298000 	 0.298359 
1.299000 	 0.316949 
1.300000 	 0.337321 
1.301000 	 0.355633 
1.302000 	 0.375432 
1.303000 	 0.396879 
1.304000 	 0.420162 
1.305000 	 0.445491 
1.306000 	 0.473113 
1.307000 	 0.503308 
1.308000 	 0.536400 
1.309000 	 0.572769 
1.310000 	 0.612854 
1.311000 	 0.657171 
1.312000 	 0.706328 
1.313000 	 0.761043 
1.314000 	 0.822170 
1.315000 	 0.890731 
1.316000 	 0.967956 
1.317000 	 1.055331 
1.318000 	 1.154670 
1.319000 	 1.268198 
1.320000 	 1.398661 
1.321000 	 1.549483 
1.322000 	 1.724957 
1.323000 	 1.930511 
1.324000 	 2.173067 
1.325000 	 2.461516 
1.326000 	 2.807355 
1.327000 	 3.225543 
1.328000 	 3.735592 
1.329000 	 4.362919 
1.330000 	 5.140295 
1.331000 	 6.108897 
1.332000 	 7.317557 
1.333000 	 8.816898 
1.334000 	 10.641591 
1.335000 	 12.770064 
1.336000 	 15.054588 
1.337000 	 17.147607 
1.338000 	 18.524670 
1.339000 	 18.720218 
1.340000 	 17.659874 
1.341000 	 15.721853 
1.342000 	 13.447736 
1.343000 	 11.248700 
1.344000 	 9.326259 
1.345000 	 7.731225 
1.346000 	 6.440211 
1.347000 	 5.404717 
1.348000 	 4.574388 
1.349000 	 3.905532 
1.350000 	 3.362929 
1.351000 	 2.919110 
1.352000 	 2.552943 
1.353000 	 2.248236 
1.354000 	 1.992554 
1.355000 	 1.776300 
1.356000 	 1.592021 
1.357000 	 1.433882 
1.358000 	 1.297282 
1.359000 	 1.178561 
1.360000 	 1.074787 
1.361000 	 0.983591 
1.362000 	 0.903047 
1.363000 	 0.831577 
1.364000 	 0.767882 
1.365000 	 0.710881 
1.366000 	 0.659673 
1.367000 	 0.613502 
1.368000 	 0.571730 
1.369000 	 0.533814 
1.370000 	 0.499294 
1.371000 	 0.467773 
1.372000 	 0.438911 
1.373000 	 0.412414 
1.374000 	 0.388028 
1.375000 	 0.365530 
1.376000 	 0.344727 
1.377000 	 0.325449 
1.378000 	 0.307545 
1.379000 	 0.290885 
1.380000 	 0.275352 
1.381000 	 0.260842 
1.382000 	 0.247263 
1.383000 	 0.234532 
1.384000 	 0.222577 
1.385000 	 0.211330 
1.386000 	 0.200733 
1.387000 	 0.190732 
1.388000 	 0.181280 
1.389000 	 0.172331 
1.390000 	 0.163847 
1.391000 	 0.155792 
1.392000 	 0.148133 
1.393000 	 0.140839 
1.394000 	 0.133884 
1.395000 	 0.127242 
1.396000 	 0.120890 
1.397000 	 0.114808 
1.398000 	 0.108975 
1.399000 	 0.103375 
1.400000 	 0.097989 
1.401000 	 0.093219 
1.402000 	 0.088618 
1.403000 	 0.084175 
1.404000 	 0.079878 
1.405000 	 0.075719 
1.406000 	 0.071686 
1.407000 	 0.067773 
1.408000 	 0.063970 
1.409000 	 0.060270 
1.410000 	 0.056666 
1.411000 	 0.053150 
1.412000 	 0.049716 
1.413000 	 0.046358 
1.414000 	 0.043071 
1.415000 	 0.039847 
1.416000 	 0.036683 
1.417000 	 0.033572 
1.418000 	 0.030510 
1.419000 	 0.027492 
1.420000 	 0.024513 
1.421000 	 0.021570 
1.422000 	 0.018657 
1.423000 	 0.015770 
1.424000 	 0.012905 
1.425000 	 0.010059 
1.426000 	 0.007226 
1.427000 	 0.004403 
1.428000 	 0.001587 
1.429000 	 0.001227 
1.430000 	 0.004043 
1.431000 	 0.006865 
1.432000 	 0.009696 
1.433000 	 0.012540 
1.434000 	 0.015403 
1.435000 	 0.018286 
1.436000 	 0.021196 
1.437000 	 0.024135 
1.438000 	 0.027109 
1.439000 	 0.030122 
1.440000 	 0.033178 
1.441000 	 0.036282 
1.442000 	 0.039439 
1.443000 	 0.042655 
1.444000 	 0.045934 
1.445000 	 0.049283 
1.446000 	 0.052707 
1.447000 	 0.056212 
1.448000 	 0.059804 
1.449000 	 0.063492 
1.450000 	 0.067281 
1.451000 	 0.071180 
1.452000 	 0.075196 
1.453000 	 0.079339 
1.454000 	 0.083618 
1.455000 	 0.088042 
1.456000 	 0.092622 
1.457000 	 0.097369 
1.458000 	 0.102296 
1.459000 	 0.107415 
1.460000 	 0.112740 
1.461000 	 0.118287 
1.462000 	 0.124072 
1.463000 	 0.130112 
1.464000 	 0.136427 
1.465000 	 0.143038 
1.466000 	 0.149966 
1.467000 	 0.157236 
1.468000 	 0.164876 
1.469000 	 0.172915 
1.470000 	 0.181385 
1.471000 	 0.190320 
1.472000 	 0.199760 
1.473000 	 0.209748 
1.474000 	 0.220330 
1.475000 	 0.231559 
1.476000 	 0.243492 
1.477000 	 0.256194 
1.478000 	 0.269735 
1.479000 	 0.284195 
1.480000 	 0.299663 
1.481000 	 0.316240 
1.482000 	 0.334036 
1.483000 	 0.353179 
1.484000 	 0.373812 
1.485000 	 0.396096 
1.486000 	 0.420216 
1.487000 	 0.446383 
1.488000 	 0.474838 
1.489000 	 0.505857 
1.490000 	 0.539761 
1.491000 	 0.576919 
1.492000 	 0.617761 
1.493000 	 0.662791 
1.494000 	 0.712598 
1.495000 	 0.767876 
1.496000 	 0.829451 
1.497000 	 0.898302 
1.498000 	 0.975607 
1.499000 	 1.062780 
1.500000 	 1.161538 
1.501000 	 1.230423 
1.502000 	 1.304428 
1.503000 	 1.383962 
1.504000 	 1.469456 
1.505000 	 1.561363 
1.506000 	 1.660151 
1.507000 	 1.766299 
1.508000 	 1.880288 
1.509000 	 2.002583 
1.510000 	 2.133618 
1.511000 	 2.273771 
1.512000 	 2.423332 
1.513000 	 2.582459 
1.514000 	 2.751133 
1.515000 	 2.929092 
1.516000 	 3.115761 
1.517000 	 3.310174 
1.518000 	 3.510882 
1.519000 	 3.715870 
1.520000 	 3.922482 
1.521000 	 4.127368 
1.522000 	 4.326471 
1.523000 	 4.515080 
1.524000 	 4.687949 
1.525000 	 4.839515 
1.526000 	 4.964191 
1.527000 	 5.056744 
1.528000 	 5.112687 
1.529000 	 5.128673 
1.530000 	 5.102795 
1.531000 	 5.034765 
1.532000 	 4.925932 
1.533000 	 4.779131 
1.534000 	 4.598400 
1.535000 	 4.388601 
1.536000 	 4.155019 
1.537000 	 3.902978 
1.538000 	 3.637524 
1.539000 	 3.363195 
1.540000 	 3.083874 
1.541000 	 2.802726 
1.542000 	 2.522199 
1.543000 	 2.244064 
1.544000 	 1.969488 
1.545000 	 1.699118 
1.546000 	 1.433166 
1.547000 	 1.171492 
1.548000 	 0.913680 
1.549000 	 0.659102 
1.550000 	 0.406974 
1.551000 	 0.156408 
1.552000 	 0.093549 
1.553000 	 0.343870 
1.554000 	 0.595519 
1.555000 	 0.849403 
1.556000 	 1.106335 
1.557000 	 1.366990 
1.558000 	 1.631841 
1.559000 	 1.901105 
1.560000 	 2.174666 
1.561000 	 2.451994 
1.562000 	 2.732062 
1.563000 	 3.013256 
1.564000 	 3.293306 
1.565000 	 3.569228 
1.566000 	 3.837316 
1.567000 	 4.093187 
1.568000 	 4.331905 
1.569000 	 4.548188 
1.570000 	 4.736708 
1.571000 	 4.892458 
1.572000 	 5.011156 
1.573000 	 5.089633 
1.574000 	 5.126147 
1.575000 	 5.120568 
1.576000 	 5.074407 
1.577000 	 4.990674 
1.578000 	 4.873604 
1.579000 	 4.728280 
1.580000 	 4.560236 
1.581000 	 4.375074 
1.582000 	 4.178141 
1.583000 	 3.974301 
1.584000 	 3.767780 
1.585000 	 3.562107 
1.586000 	 3.360109 
1.587000 	 3.163957 
1.588000 	 2.975232 
1.589000 	 2.795015 
1.590000 	 2.623972 
1.591000 	 2.462434 
1.592000 	 2.310477 
1.593000 	 2.167982 
1.594000 	 2.034687 
1.595000 	 1.910234 
1.596000 	 1.794200 
1.597000 	 1.686125 
1.598000 	 1.585532 
1.599000 	 1.491940 
1.600000 	 1.404878 
1.601000 	 1.285633 
1.602000 	 1.180403 
1.603000 	 1.087128 
1.604000 	 1.004105 
1.605000 	 0.929916 
1.606000 	 0.863372 
1.607000 	 0.803477 
1.608000 	 0.749385 
1.609000 	 0.700382 
1.610000 	 0.655855 
1.611000 	 0.615281 
1.612000 	 0.578211 
1.613000 	 0.544254 
1.614000 	 0.513076 
1.615000 	 0.484381 
1.616000 	 0.457915 
1.617000 	 0.433452 
1.618000 	 0.410797 
1.619000 	 0.389775 
1.620000 	 0.370232 
1.621000 	 0.352034 
1.622000 	 0.335058 
1.623000 	 0.319197 
1.624000 	 0.304356 
1.625000 	 0.290447 
1.626000 	 0.277393 
1.627000 	 0.265124 
1.628000 	 0.253579 
1.629000 	 0.242700 
1.630000 	 0.232436 
1.631000 	 0.222740 
1.632000 	 0.213571 
1.633000 	 0.204889 
1.634000 	 0.196660 
1.635000 	 0.188852 
1.636000 	 0.181436 
1.637000 	 0.174384 
1.638000 	 0.167672 
1.639000 	 0.161278 
1.640000 	 0.155181 
1.641000 	 0.149361 
1.642000 	 0.143801 
1.643000 	 0.138484 
1.644000 	 0.133396 
1.645000 	 0.128523 
1.646000 	 0.123851 
1.647000 	 0.119368 
1.648000 	 0.115064 
1.649000 	 0.110928 
1.650000 	 0.106950 
1.651000 	 0.103121 
1.652000 	 0.099433 
1.653000 	 0.095878 
1.654000 	 0.092448 
1.655000 	 0.089137 
1.656000 	 0.085938 
1.657000 	 0.082845 
1.658000 	 0.079852 
1.659000 	 0.076954 
1.660000 	 0.074146 
1.661000 	 0.071423 
1.662000 	 0.068780 
1.663000 	 0.066214 
1.664000 	 0.063720 
1.665000 	 0.061295 
1.666000 	 0.058935 
1.667000 	 0.056636 
1.668000 	 0.054395 
1.669000 	 0.052210 
1.670000 	 0.050077 
1.671000 	 0.047994 
1.672000 	 0.045958 
1.673000 	 0.043966 
1.674000 	 0.042016 
1.675000 	 0.040106 
1.676000 	 0.038233 
1.677000 	 0.036396 
1.678000 	 0.034592 
1.679000 	 0.032819 
1.680000 	 0.031076 
1.681000 	 0.029361 
1.682000 	 0.027672 
1.683000 	 0.026007 
1.684000 	 0.024364 
1.685000 	 0.022743 
1.686000 	 0.021142 
1.687000 	 0.019558 
1.688000 	 0.017991 
1.689000 	 0.016440 
1.690000 	 0.014902 
1.691000 	 0.013377 
1.692000 	 0.011863 
1.693000 	 0.010358 
1.694000 	 0.008863 
1.695000 	 0.007374 
1.696000 	 0.005892 
1.697000 	 0.004415 
1.698000 	 0.002941 
1.699000 	 0.001470 
