0.100000 	 5.522382 	 4.690571 
0.101000 	 5.510925 	 4.780789 
0.102000 	 5.499469 	 4.870980 
0.103000 	 5.488013 	 4.961113 
0.104000 	 5.476559 	 5.051162 
0.105000 	 5.465106 	 5.141097 
0.106000 	 5.453656 	 5.230891 
0.107000 	 5.442208 	 5.320515 
0.108000 	 5.430764 	 5.409940 
0.109000 	 5.419323 	 5.499139 
0.110000 	 5.407887 	 5.588083 
0.111000 	 5.396455 	 5.676744 
0.112000 	 5.385028 	 5.765093 
0.113000 	 5.373606 	 5.853102 
0.114000 	 5.362190 	 5.940743 
0.115000 	 5.350781 	 6.027987 
0.116000 	 5.339378 	 6.114806 
0.117000 	 5.327983 	 6.201173 
0.118000 	 5.316595 	 6.287057 
0.119000 	 5.305216 	 6.372432 
0.120000 	 5.293845 	 6.457268 
0.121000 	 5.282483 	 6.541538 
0.122000 	 5.271131 	 6.625213 
0.123000 	 5.259788 	 6.708265 
0.124000 	 5.248456 	 6.790665 
0.125000 	 5.237135 	 6.872386 
0.126000 	 5.225826 	 6.953398 
0.127000 	 5.214528 	 7.033674 
0.128000 	 5.203242 	 7.113185 
0.129000 	 5.191969 	 7.191902 
0.130000 	 5.180709 	 7.269799 
0.131000 	 5.169463 	 7.346845 
0.132000 	 5.158231 	 7.423013 
0.133000 	 5.147014 	 7.498275 
0.134000 	 5.135811 	 7.572602 
0.135000 	 5.124624 	 7.645966 
0.136000 	 5.113452 	 7.718338 
0.137000 	 5.102297 	 7.789691 
0.138000 	 5.091159 	 7.859995 
0.139000 	 5.080038 	 7.929223 
0.140000 	 5.068935 	 7.997347 
0.141000 	 5.057850 	 8.064337 
0.142000 	 5.046783 	 8.130166 
0.143000 	 5.035735 	 8.194805 
0.144000 	 5.024707 	 8.258225 
0.145000 	 5.013699 	 8.320400 
0.146000 	 5.002712 	 8.381300 
0.147000 	 4.991745 	 8.440897 
0.148000 	 4.980799 	 8.499162 
0.149000 	 4.969875 	 8.556068 
0.150000 	 4.958974 	 8.611585 
0.151000 	 4.948095 	 8.665686 
0.152000 	 4.937239 	 8.718343 
0.153000 	 4.926407 	 8.769526 
0.154000 	 4.915599 	 8.819209 
0.155000 	 4.904815 	 8.867361 
0.156000 	 4.894057 	 8.913955 
0.157000 	 4.883323 	 8.958964 
0.158000 	 4.872616 	 9.002357 
0.159000 	 4.861935 	 9.044108 
0.160000 	 4.851281 	 9.084187 
0.161000 	 4.840653 	 9.122566 
0.162000 	 4.830054 	 9.159218 
0.163000 	 4.819482 	 9.194113 
0.164000 	 4.808940 	 9.227224 
0.165000 	 4.798426 	 9.258521 
0.166000 	 4.787941 	 9.287978 
0.167000 	 4.777487 	 9.315564 
0.168000 	 4.767063 	 9.341253 
0.169000 	 4.756670 	 9.365016 
0.170000 	 4.746308 	 9.386824 
0.171000 	 4.735978 	 9.406649 
0.172000 	 4.725680 	 9.424463 
0.173000 	 4.715415 	 9.440237 
0.174000 	 4.705182 	 9.453943 
0.175000 	 4.694984 	 9.465554 
0.176000 	 4.684819 	 9.475039 
0.177000 	 4.674689 	 9.482372 
0.178000 	 4.664594 	 9.487523 
0.179000 	 4.654534 	 9.490465 
0.180000 	 4.644510 	 9.491169 
0.181000 	 4.634522 	 9.489607 
0.182000 	 4.624571 	 9.485751 
0.183000 	 4.614657 	 9.479571 
0.184000 	 4.604781 	 9.471040 
0.185000 	 4.594943 	 9.460130 
0.186000 	 4.585143 	 9.446812 
0.187000 	 4.575382 	 9.431058 
0.188000 	 4.565661 	 9.412840 
0.189000 	 4.555980 	 9.392128 
0.190000 	 4.546339 	 9.368896 
0.191000 	 4.536739 	 9.343114 
0.192000 	 4.527180 	 9.314754 
0.193000 	 4.517663 	 9.283788 
0.194000 	 4.508188 	 9.250187 
0.195000 	 4.498756 	 9.213924 
0.196000 	 4.489367 	 9.174970 
0.197000 	 4.480021 	 9.133296 
0.198000 	 4.470720 	 9.088875 
0.199000 	 4.461462 	 9.041677 
0.200000 	 4.452250 	 8.991675 
0.201000 	 4.443082 	 8.938856 
0.202000 	 4.433956 	 8.883270 
0.203000 	 4.424867 	 8.824981 
0.204000 	 4.415811 	 8.764055 
0.205000 	 4.406785 	 8.700558 
0.206000 	 4.397785 	 8.634554 
0.207000 	 4.388806 	 8.566110 
0.208000 	 4.379844 	 8.495289 
0.209000 	 4.370896 	 8.422158 
0.210000 	 4.361958 	 8.346782 
0.211000 	 4.353025 	 8.269225 
0.212000 	 4.344094 	 8.189554 
0.213000 	 4.335161 	 8.107834 
0.214000 	 4.326222 	 8.024129 
0.215000 	 4.317272 	 7.938506 
0.216000 	 4.308308 	 7.851029 
0.217000 	 4.299325 	 7.761763 
0.218000 	 4.290321 	 7.670775 
0.219000 	 4.281290 	 7.578128 
0.220000 	 4.272230 	 7.483890 
0.221000 	 4.263135 	 7.388124 
0.222000 	 4.254002 	 7.290896 
0.223000 	 4.244827 	 7.192271 
0.224000 	 4.235607 	 7.092315 
0.225000 	 4.226336 	 6.991093 
0.226000 	 4.217011 	 6.888670 
0.227000 	 4.207629 	 6.785111 
0.228000 	 4.198184 	 6.680482 
0.229000 	 4.188674 	 6.574848 
0.230000 	 4.179094 	 6.468275 
0.231000 	 4.169440 	 6.360827 
0.232000 	 4.159708 	 6.252569 
0.233000 	 4.149895 	 6.143568 
0.234000 	 4.139996 	 6.033888 
0.235000 	 4.130007 	 5.923595 
0.236000 	 4.119925 	 5.812753 
0.237000 	 4.109744 	 5.701429 
0.238000 	 4.099463 	 5.589688 
0.239000 	 4.089076 	 5.477594 
0.240000 	 4.078579 	 5.365213 
0.241000 	 4.067969 	 5.252610 
0.242000 	 4.057241 	 5.139851 
0.243000 	 4.046392 	 5.027000 
0.244000 	 4.035417 	 4.914124 
0.245000 	 4.024313 	 4.801287 
0.246000 	 4.013076 	 4.688555 
0.247000 	 4.001702 	 4.575993 
0.248000 	 3.990186 	 4.463666 
0.249000 	 3.978524 	 4.351639 
0.250000 	 3.966714 	 4.239978 
0.251000 	 3.954750 	 4.128749 
0.252000 	 3.942630 	 4.018015 
0.253000 	 3.930348 	 3.907843 
0.254000 	 3.917901 	 3.798298 
0.255000 	 3.905284 	 3.689446 
0.256000 	 3.892495 	 3.581350 
0.257000 	 3.879529 	 3.474077 
0.258000 	 3.866381 	 3.367693 
0.259000 	 3.853049 	 3.262261 
0.260000 	 3.839528 	 3.157848 
0.261000 	 3.825814 	 3.054519 
0.262000 	 3.811903 	 2.952339 
0.263000 	 3.797791 	 2.851373 
0.264000 	 3.783474 	 2.751687 
0.265000 	 3.768948 	 2.653345 
0.266000 	 3.754210 	 2.556414 
0.267000 	 3.739255 	 2.460959 
0.268000 	 3.724079 	 2.367044 
0.269000 	 3.708679 	 2.274735 
0.270000 	 3.693049 	 2.184097 
0.271000 	 3.677188 	 2.095196 
0.272000 	 3.661089 	 2.008097 
0.273000 	 3.644750 	 1.922864 
0.274000 	 3.628166 	 1.839565 
0.275000 	 3.611334 	 1.758262 
0.276000 	 3.594250 	 1.679023 
0.277000 	 3.576909 	 1.601912 
0.278000 	 3.559307 	 1.526994 
0.279000 	 3.541441 	 1.454336 
0.280000 	 3.523307 	 1.384001 
0.281000 	 3.504901 	 1.316055 
0.282000 	 3.486218 	 1.250564 
0.283000 	 3.467254 	 1.187593 
0.284000 	 3.448007 	 1.127207 
0.285000 	 3.428471 	 1.069472 
0.286000 	 3.408643 	 1.014452 
0.287000 	 3.388519 	 0.962213 
0.288000 	 3.368095 	 0.912820 
0.289000 	 3.347366 	 0.866339 
0.290000 	 3.326330 	 0.822835 
0.291000 	 3.304982 	 0.782372 
0.292000 	 3.283317 	 0.745017 
0.293000 	 3.261332 	 0.710835 
0.294000 	 3.239024 	 0.679891 
0.295000 	 3.216387 	 0.652249 
0.296000 	 3.193419 	 0.627976 
0.297000 	 3.170115 	 0.607137 
0.298000 	 3.146471 	 0.589797 
0.299000 	 3.122483 	 0.576021 
0.300000 	 3.098147 	 0.565875 
0.301000 	 3.073462 	 0.559402 
0.302000 	 3.048436 	 0.556566 
0.303000 	 3.023079 	 0.557308 
0.304000 	 2.997403 	 0.561570 
0.305000 	 2.971418 	 0.569292 
0.306000 	 2.945135 	 0.580416 
0.307000 	 2.918565 	 0.594885 
0.308000 	 2.891717 	 0.612639 
0.309000 	 2.864604 	 0.633619 
0.310000 	 2.837235 	 0.657768 
0.311000 	 2.809622 	 0.685027 
0.312000 	 2.781775 	 0.715338 
0.313000 	 2.753705 	 0.748641 
0.314000 	 2.725423 	 0.784879 
0.315000 	 2.696939 	 0.823993 
0.316000 	 2.668264 	 0.865924 
0.317000 	 2.639409 	 0.910615 
0.318000 	 2.610384 	 0.958006 
0.319000 	 2.581200 	 1.008038 
0.320000 	 2.551869 	 1.060655 
0.321000 	 2.522400 	 1.115796 
0.322000 	 2.492805 	 1.173404 
0.323000 	 2.463093 	 1.233420 
0.324000 	 2.433277 	 1.295786 
0.325000 	 2.403366 	 1.360442 
0.326000 	 2.373371 	 1.427332 
0.327000 	 2.343303 	 1.496395 
0.328000 	 2.313173 	 1.567574 
0.329000 	 2.282992 	 1.640810 
0.330000 	 2.252770 	 1.716045 
0.331000 	 2.222517 	 1.793220 
0.332000 	 2.192245 	 1.872277 
0.333000 	 2.161965 	 1.953156 
0.334000 	 2.131686 	 2.035801 
0.335000 	 2.101421 	 2.120151 
0.336000 	 2.071179 	 2.206150 
0.337000 	 2.040971 	 2.293737 
0.338000 	 2.010808 	 2.382855 
0.339000 	 1.980700 	 2.473446 
0.340000 	 1.950660 	 2.565450 
0.341000 	 1.920696 	 2.658810 
0.342000 	 1.890820 	 2.753466 
0.343000 	 1.861042 	 2.849361 
0.344000 	 1.831374 	 2.946435 
0.345000 	 1.801826 	 3.044631 
0.346000 	 1.772409 	 3.143889 
0.347000 	 1.743133 	 3.244152 
0.348000 	 1.714009 	 3.345361 
0.349000 	 1.685048 	 3.447457 
0.350000 	 1.656261 	 3.550382 
0.351000 	 1.627658 	 3.654077 
0.352000 	 1.599250 	 3.758484 
0.353000 	 1.571048 	 3.863545 
0.354000 	 1.543063 	 3.969200 
0.355000 	 1.515305 	 4.075392 
0.356000 	 1.487784 	 4.182062 
0.357000 	 1.460512 	 4.289151 
0.358000 	 1.433500 	 4.396601 
0.359000 	 1.406758 	 4.504354 
0.360000 	 1.380297 	 4.612351 
0.361000 	 1.354127 	 4.720533 
0.362000 	 1.328259 	 4.828842 
0.363000 	 1.302705 	 4.937220 
0.364000 	 1.277474 	 5.045607 
0.365000 	 1.252578 	 5.153946 
0.366000 	 1.228027 	 5.262179 
0.367000 	 1.203831 	 5.370245 
0.368000 	 1.180003 	 5.478088 
0.369000 	 1.156551 	 5.585649 
0.370000 	 1.133488 	 5.692868 
0.371000 	 1.110824 	 5.799688 
0.372000 	 1.088569 	 5.906051 
0.373000 	 1.066734 	 6.011896 
0.374000 	 1.045330 	 6.117167 
0.375000 	 1.024368 	 6.221805 
0.376000 	 1.003858 	 6.325751 
0.377000 	 0.983812 	 6.428946 
0.378000 	 0.964239 	 6.531333 
0.379000 	 0.945151 	 6.632852 
0.380000 	 0.926558 	 6.733446 
0.381000 	 0.908471 	 6.833055 
0.382000 	 0.890901 	 6.931621 
0.383000 	 0.873858 	 7.029086 
0.384000 	 0.857353 	 7.125392 
0.385000 	 0.841398 	 7.220479 
0.386000 	 0.826001 	 7.314289 
0.387000 	 0.811176 	 7.406765 
0.388000 	 0.796931 	 7.497846 
0.389000 	 0.783278 	 7.587476 
0.390000 	 0.770228 	 7.675594 
0.391000 	 0.757791 	 7.762144 
0.392000 	 0.745977 	 7.847065 
0.393000 	 0.734799 	 7.930301 
0.394000 	 0.724266 	 8.011792 
0.395000 	 0.714389 	 8.091480 
0.396000 	 0.705178 	 8.169306 
0.397000 	 0.696646 	 8.245212 
0.398000 	 0.688801 	 8.319140 
0.399000 	 0.681656 	 8.391030 
0.400000 	 0.675220 	 8.460825 
0.401000 	 0.669501 	 8.528480 
0.402000 	 0.664486 	 8.594004 
0.403000 	 0.660161 	 8.657424 
0.404000 	 0.656511 	 8.718762 
0.405000 	 0.653518 	 8.778044 
0.406000 	 0.651169 	 8.835293 
0.407000 	 0.649448 	 8.890534 
0.408000 	 0.648340 	 8.943791 
0.409000 	 0.647828 	 8.995088 
0.410000 	 0.647897 	 9.044450 
0.411000 	 0.648533 	 9.091902 
0.412000 	 0.649719 	 9.137466 
0.413000 	 0.651440 	 9.181169 
0.414000 	 0.653681 	 9.223034 
0.415000 	 0.656426 	 9.263085 
0.416000 	 0.659660 	 9.301346 
0.417000 	 0.663368 	 9.337843 
0.418000 	 0.667533 	 9.372599 
0.419000 	 0.672141 	 9.405638 
0.420000 	 0.677176 	 9.436986 
0.421000 	 0.682622 	 9.466666 
0.422000 	 0.688464 	 9.494702 
0.423000 	 0.694688 	 9.521120 
0.424000 	 0.701276 	 9.545942 
0.425000 	 0.708214 	 9.569194 
0.426000 	 0.715487 	 9.590900 
0.427000 	 0.723079 	 9.611084 
0.428000 	 0.730974 	 9.629771 
0.429000 	 0.739157 	 9.646985 
0.430000 	 0.747613 	 9.662749 
0.431000 	 0.756325 	 9.677089 
0.432000 	 0.765280 	 9.690029 
0.433000 	 0.774461 	 9.701593 
0.434000 	 0.783853 	 9.711805 
0.435000 	 0.793440 	 9.720690 
0.436000 	 0.803207 	 9.728272 
0.437000 	 0.813138 	 9.734575 
0.438000 	 0.823219 	 9.739624 
0.439000 	 0.833433 	 9.743443 
0.440000 	 0.843765 	 9.746056 
0.441000 	 0.854200 	 9.747488 
0.442000 	 0.864722 	 9.747763 
0.443000 	 0.875317 	 9.746905 
0.444000 	 0.885967 	 9.744939 
0.445000 	 0.896659 	 9.741888 
0.446000 	 0.907376 	 9.737778 
0.447000 	 0.918103 	 9.732632 
0.448000 	 0.928824 	 9.726475 
0.449000 	 0.939525 	 9.719331 
0.450000 	 0.950190 	 9.711225 
0.451000 	 0.960803 	 9.702180 
0.452000 	 0.971348 	 9.692222 
0.453000 	 0.981812 	 9.681374 
0.454000 	 0.992177 	 9.669660 
0.455000 	 1.002428 	 9.657106 
0.456000 	 1.012551 	 9.643735 
0.457000 	 1.022529 	 9.629572 
0.458000 	 1.032348 	 9.614641 
0.459000 	 1.041991 	 9.598966 
0.460000 	 1.051444 	 9.582571 
0.461000 	 1.060690 	 9.565482 
0.462000 	 1.069715 	 9.547722 
0.463000 	 1.078503 	 9.529315 
0.464000 	 1.087038 	 9.510287 
0.465000 	 1.095306 	 9.490660 
0.466000 	 1.103290 	 9.470460 
0.467000 	 1.110975 	 9.449711 
0.468000 	 1.118346 	 9.428438 
0.469000 	 1.125387 	 9.406663 
0.470000 	 1.132084 	 9.384413 
0.471000 	 1.138419 	 9.361710 
0.472000 	 1.144379 	 9.338580 
0.473000 	 1.149947 	 9.315047 
0.474000 	 1.155109 	 9.291135 
0.475000 	 1.159847 	 9.266868 
0.476000 	 1.164149 	 9.242271 
0.477000 	 1.167997 	 9.217368 
0.478000 	 1.171376 	 9.192183 
0.479000 	 1.174271 	 9.166741 
0.480000 	 1.176667 	 9.141066 
0.481000 	 1.178547 	 9.115182 
0.482000 	 1.179897 	 9.089114 
0.483000 	 1.180702 	 9.062886 
0.484000 	 1.180945 	 9.036522 
0.485000 	 1.180611 	 9.010046 
0.486000 	 1.179685 	 8.983483 
0.487000 	 1.178151 	 8.956858 
0.488000 	 1.175994 	 8.930194 
0.489000 	 1.173199 	 8.903516 
0.490000 	 1.169749 	 8.876848 
0.491000 	 1.165630 	 8.850214 
0.492000 	 1.160827 	 8.823640 
0.493000 	 1.155323 	 8.797148 
0.494000 	 1.149103 	 8.770764 
0.495000 	 1.142152 	 8.744511 
0.496000 	 1.134454 	 8.718415 
0.497000 	 1.125995 	 8.692499 
0.498000 	 1.116757 	 8.666787 
0.499000 	 1.106727 	 8.641305 
0.500000 	 1.095889 	 8.616076 
0.501000 	 1.084233 	 8.591120 
0.502000 	 1.071781 	 8.566446 
0.503000 	 1.058560 	 8.542054 
0.504000 	 1.044598 	 8.517948 
0.505000 	 1.029920 	 8.494130 
0.506000 	 1.014556 	 8.470603 
0.507000 	 0.998532 	 8.447371 
0.508000 	 0.981876 	 8.424434 
0.509000 	 0.964615 	 8.401797 
0.510000 	 0.946776 	 8.379462 
0.511000 	 0.928387 	 8.357432 
0.512000 	 0.909476 	 8.335708 
0.513000 	 0.890069 	 8.314295 
0.514000 	 0.870193 	 8.293194 
0.515000 	 0.849877 	 8.272409 
0.516000 	 0.829148 	 8.251942 
0.517000 	 0.808032 	 8.231795 
0.518000 	 0.786558 	 8.211972 
0.519000 	 0.764753 	 8.192475 
0.520000 	 0.742644 	 8.173307 
0.521000 	 0.720258 	 8.154471 
0.522000 	 0.697623 	 8.135969 
0.523000 	 0.674766 	 8.117803 
0.524000 	 0.651715 	 8.099978 
0.525000 	 0.628497 	 8.082494 
0.526000 	 0.605139 	 8.065356 
0.527000 	 0.581669 	 8.048565 
0.528000 	 0.558113 	 8.032125 
0.529000 	 0.534500 	 8.016038 
0.530000 	 0.510857 	 8.000307 
0.531000 	 0.487211 	 7.984934 
0.532000 	 0.463590 	 7.969922 
0.533000 	 0.440020 	 7.955275 
0.534000 	 0.416529 	 7.940994 
0.535000 	 0.393146 	 7.927082 
0.536000 	 0.369896 	 7.913542 
0.537000 	 0.346807 	 7.900377 
0.538000 	 0.323907 	 7.887589 
0.539000 	 0.301223 	 7.875181 
0.540000 	 0.278783 	 7.863156 
0.541000 	 0.256613 	 7.851517 
0.542000 	 0.234742 	 7.840266 
0.543000 	 0.213196 	 7.829405 
0.544000 	 0.192002 	 7.818938 
0.545000 	 0.171190 	 7.808868 
0.546000 	 0.150784 	 7.799196 
0.547000 	 0.130814 	 7.789926 
0.548000 	 0.111306 	 7.781060 
0.549000 	 0.092288 	 7.772601 
0.550000 	 0.073787 	 7.764552 
0.551000 	 0.055830 	 7.756916 
0.552000 	 0.038445 	 7.749694 
0.553000 	 0.021659 	 7.742891 
0.554000 	 0.005500 	 7.736507 
0.555000 	 -0.010005 	 7.730547 
0.556000 	 -0.024829 	 7.725013 
0.557000 	 -0.038944 	 7.719908 
0.558000 	 -0.052324 	 7.715234 
0.559000 	 -0.064939 	 7.710994 
0.560000 	 -0.076765 	 7.707190 
0.561000 	 -0.087772 	 7.703826 
0.562000 	 -0.097933 	 7.700904 
0.563000 	 -0.107222 	 7.698427 
0.564000 	 -0.115611 	 7.696397 
0.565000 	 -0.123072 	 7.694817 
0.566000 	 -0.129578 	 7.693691 
0.567000 	 -0.135101 	 7.693019 
0.568000 	 -0.139616 	 7.692807 
0.569000 	 -0.143093 	 7.693055 
0.570000 	 -0.145505 	 7.693766 
0.571000 	 -0.146826 	 7.694944 
0.572000 	 -0.147028 	 7.696591 
0.573000 	 -0.146083 	 7.698710 
0.574000 	 -0.143964 	 7.701303 
0.575000 	 -0.140645 	 7.704373 
0.576000 	 -0.136096 	 7.707923 
0.577000 	 -0.130292 	 7.711956 
0.578000 	 -0.123204 	 7.716474 
0.579000 	 -0.114805 	 7.721480 
0.580000 	 -0.105069 	 7.726976 
0.581000 	 -0.093967 	 7.732966 
0.582000 	 -0.081472 	 7.739451 
0.583000 	 -0.067557 	 7.746436 
0.584000 	 -0.052195 	 7.753921 
0.585000 	 -0.035357 	 7.761911 
0.586000 	 -0.017018 	 7.770408 
0.587000 	 0.002852 	 7.779414 
0.588000 	 0.024278 	 7.788932 
0.589000 	 0.047289 	 7.798965 
0.590000 	 0.071911 	 7.809516 
0.591000 	 0.098172 	 7.820586 
0.592000 	 0.126100 	 7.832180 
0.593000 	 0.155722 	 7.844300 
0.594000 	 0.187065 	 7.856948 
0.595000 	 0.220157 	 7.870126 
0.596000 	 0.255024 	 7.883839 
0.597000 	 0.291695 	 7.898088 
0.598000 	 0.330196 	 7.912876 
0.599000 	 0.370556 	 7.928206 
0.600000 	 0.412800 	 7.944081 
0.601000 	 0.456945 	 7.960498 
0.602000 	 0.502954 	 7.977439 
0.603000 	 0.550779 	 7.994881 
0.604000 	 0.600371 	 8.012800 
0.605000 	 0.651681 	 8.031172 
0.606000 	 0.704661 	 8.049975 
0.607000 	 0.759262 	 8.069184 
0.608000 	 0.815436 	 8.088777 
0.609000 	 0.873135 	 8.108730 
0.610000 	 0.932308 	 8.129019 
0.611000 	 0.992909 	 8.149622 
0.612000 	 1.054888 	 8.170515 
0.613000 	 1.118197 	 8.191674 
0.614000 	 1.182788 	 8.213077 
0.615000 	 1.248611 	 8.234699 
0.616000 	 1.315618 	 8.256517 
0.617000 	 1.383761 	 8.278508 
0.618000 	 1.452990 	 8.300649 
0.619000 	 1.523258 	 8.322916 
0.620000 	 1.594516 	 8.345286 
0.621000 	 1.666715 	 8.367735 
0.622000 	 1.739807 	 8.390240 
0.623000 	 1.813743 	 8.412777 
0.624000 	 1.888475 	 8.435324 
0.625000 	 1.963953 	 8.457856 
0.626000 	 2.040130 	 8.480351 
0.627000 	 2.116956 	 8.502785 
0.628000 	 2.194384 	 8.525134 
0.629000 	 2.272364 	 8.547376 
0.630000 	 2.350849 	 8.569486 
0.631000 	 2.429789 	 8.591442 
0.632000 	 2.509135 	 8.613219 
0.633000 	 2.588841 	 8.634796 
0.634000 	 2.668855 	 8.656147 
0.635000 	 2.749132 	 8.677251 
0.636000 	 2.829620 	 8.698082 
0.637000 	 2.910273 	 8.718619 
0.638000 	 2.991041 	 8.738838 
0.639000 	 3.071876 	 8.758714 
0.640000 	 3.152730 	 8.778226 
0.641000 	 3.233553 	 8.797349 
0.642000 	 3.314297 	 8.816060 
0.643000 	 3.394914 	 8.834336 
0.644000 	 3.475355 	 8.852153 
0.645000 	 3.555571 	 8.869488 
0.646000 	 3.635514 	 8.886317 
0.647000 	 3.715135 	 8.902618 
0.648000 	 3.794387 	 8.918366 
0.649000 	 3.873219 	 8.933539 
0.650000 	 3.951584 	 8.948112 
0.651000 	 4.029432 	 8.962063 
0.652000 	 4.106716 	 8.975368 
0.653000 	 4.183387 	 8.988004 
0.654000 	 4.259397 	 8.999948 
0.655000 	 4.334695 	 9.011175 
0.656000 	 4.409235 	 9.021662 
0.657000 	 4.482968 	 9.031387 
0.658000 	 4.555844 	 9.040326 
0.659000 	 4.627816 	 9.048455 
0.660000 	 4.698835 	 9.055751 
0.661000 	 4.768851 	 9.062190 
0.662000 	 4.837818 	 9.067750 
0.663000 	 4.905685 	 9.072407 
0.664000 	 4.972405 	 9.076137 
0.665000 	 5.037929 	 9.078917 
0.666000 	 5.102208 	 9.080723 
0.667000 	 5.165194 	 9.081533 
0.668000 	 5.226839 	 9.081323 
0.669000 	 5.287092 	 9.080069 
0.670000 	 5.345907 	 9.077748 
0.671000 	 5.403234 	 9.074337 
0.672000 	 5.459026 	 9.069812 
0.673000 	 5.513232 	 9.064149 
0.674000 	 5.565805 	 9.057327 
0.675000 	 5.616697 	 9.049320 
0.676000 	 5.665858 	 9.040106 
0.677000 	 5.713239 	 9.029661 
0.678000 	 5.758794 	 9.017963 
0.679000 	 5.802472 	 9.004986 
0.680000 	 5.844226 	 8.990709 
0.681000 	 5.884006 	 8.975108 
0.682000 	 5.921764 	 8.958159 
0.683000 	 5.957452 	 8.939838 
0.684000 	 5.991021 	 8.920124 
0.685000 	 6.022422 	 8.898991 
0.686000 	 6.051607 	 8.876417 
0.687000 	 6.078527 	 8.852379 
0.688000 	 6.103134 	 8.826852 
0.689000 	 6.125379 	 8.799814 
0.690000 	 6.145214 	 8.771241 
0.691000 	 6.162590 	 8.741110 
0.692000 	 6.177457 	 8.709398 
0.693000 	 6.189769 	 8.676080 
0.694000 	 6.199476 	 8.641134 
0.695000 	 6.206530 	 8.604536 
0.696000 	 6.210881 	 8.566263 
0.697000 	 6.212482 	 8.526291 
0.698000 	 6.211284 	 8.484597 
0.699000 	 6.207239 	 8.441158 
0.700000 	 6.200297 	 8.395950 
0.701000 	 6.190428 	 8.348962 
0.702000 	 6.177676 	 8.300225 
0.703000 	 6.162100 	 8.249784 
0.704000 	 6.143762 	 8.197685 
0.705000 	 6.122722 	 8.143970 
0.706000 	 6.099041 	 8.088684 
0.707000 	 6.072779 	 8.031871 
0.708000 	 6.043999 	 7.973576 
0.709000 	 6.012759 	 7.913843 
0.710000 	 5.979122 	 7.852716 
0.711000 	 5.943147 	 7.790239 
0.712000 	 5.904896 	 7.726456 
0.713000 	 5.864429 	 7.661413 
0.714000 	 5.821808 	 7.595152 
0.715000 	 5.777092 	 7.527719 
0.716000 	 5.730343 	 7.459157 
0.717000 	 5.681622 	 7.389511 
0.718000 	 5.630988 	 7.318825 
0.719000 	 5.578504 	 7.247144 
0.720000 	 5.524229 	 7.174511 
0.721000 	 5.468225 	 7.100970 
0.722000 	 5.410551 	 7.026567 
0.723000 	 5.351270 	 6.951345 
0.724000 	 5.290442 	 6.875348 
0.725000 	 5.228127 	 6.798622 
0.726000 	 5.164387 	 6.721209 
0.727000 	 5.099281 	 6.643154 
0.728000 	 5.032871 	 6.564502 
0.729000 	 4.965218 	 6.485297 
0.730000 	 4.896382 	 6.405583 
0.731000 	 4.826425 	 6.325403 
0.732000 	 4.755406 	 6.244804 
0.733000 	 4.683387 	 6.163828 
0.734000 	 4.610428 	 6.082520 
0.735000 	 4.536590 	 6.000924 
0.736000 	 4.461934 	 5.919085 
0.737000 	 4.386521 	 5.837047 
0.738000 	 4.310412 	 5.754853 
0.739000 	 4.233666 	 5.672549 
0.740000 	 4.156346 	 5.590178 
0.741000 	 4.078511 	 5.507785 
0.742000 	 4.000223 	 5.425414 
0.743000 	 3.921542 	 5.343109 
0.744000 	 3.842529 	 5.260914 
0.745000 	 3.763245 	 5.178874 
0.746000 	 3.683750 	 5.097033 
0.747000 	 3.604106 	 5.015436 
0.748000 	 3.524373 	 4.934125 
0.749000 	 3.444612 	 4.853147 
0.750000 	 3.364883 	 4.772544 
0.751000 	 3.285248 	 4.692361 
0.752000 	 3.205766 	 4.612643 
0.753000 	 3.126500 	 4.533434 
0.754000 	 3.047510 	 4.454777 
0.755000 	 2.968855 	 4.376718 
0.756000 	 2.890598 	 4.299300 
0.757000 	 2.812799 	 4.222568 
0.758000 	 2.735519 	 4.146566 
0.759000 	 2.658818 	 4.071337 
0.760000 	 2.582758 	 3.996927 
0.761000 	 2.507398 	 3.923380 
0.762000 	 2.432800 	 3.850740 
0.763000 	 2.359025 	 3.779051 
0.764000 	 2.286133 	 3.708357 
0.765000 	 2.214185 	 3.638703 
0.766000 	 2.143242 	 3.570133 
0.767000 	 2.073365 	 3.502690 
0.768000 	 2.004613 	 3.436421 
0.769000 	 1.937050 	 3.371367 
0.770000 	 1.870733 	 3.307575 
0.771000 	 1.805726 	 3.245088 
0.772000 	 1.742088 	 3.183950 
0.773000 	 1.679880 	 3.124206 
0.774000 	 1.619163 	 3.065900 
0.775000 	 1.559998 	 3.009075 
0.776000 	 1.502445 	 2.953777 
0.777000 	 1.446566 	 2.900050 
0.778000 	 1.392420 	 2.847938 
0.779000 	 1.340070 	 2.797484 
0.780000 	 1.289574 	 2.748734 
0.781000 	 1.240995 	 2.701732 
0.782000 	 1.194393 	 2.656521 
0.783000 	 1.149829 	 2.613146 
0.784000 	 1.107364 	 2.571652 
0.785000 	 1.067058 	 2.532083 
0.786000 	 1.028972 	 2.494482 
0.787000 	 0.993167 	 2.458894 
0.788000 	 0.959703 	 2.425363 
0.789000 	 0.928642 	 2.393934 
0.790000 	 0.900044 	 2.364651 
0.791000 	 0.873970 	 2.337558 
0.792000 	 0.850481 	 2.312699 
0.793000 	 0.829637 	 2.290119 
0.794000 	 0.811499 	 2.269862 
0.795000 	 0.796128 	 2.251971 
0.796000 	 0.783585 	 2.236492 
0.797000 	 0.773931 	 2.223469 
0.798000 	 0.767226 	 2.212945 
0.799000 	 0.763530 	 2.204965 
0.800000 	 0.762906 	 2.199574 
0.801000 	 0.765395 	 2.196799 
0.802000 	 0.770966 	 2.196611 
0.803000 	 0.779569 	 2.198963 
0.804000 	 0.791156 	 2.203808 
0.805000 	 0.805677 	 2.211100 
0.806000 	 0.823081 	 2.220793 
0.807000 	 0.843321 	 2.232839 
0.808000 	 0.866345 	 2.247193 
0.809000 	 0.892106 	 2.263809 
0.810000 	 0.920553 	 2.282639 
0.811000 	 0.951637 	 2.303638 
0.812000 	 0.985308 	 2.326759 
0.813000 	 1.021517 	 2.351956 
0.814000 	 1.060215 	 2.379182 
0.815000 	 1.101352 	 2.408391 
0.816000 	 1.144878 	 2.439536 
0.817000 	 1.190745 	 2.472572 
0.818000 	 1.238902 	 2.507451 
0.819000 	 1.289301 	 2.544127 
0.820000 	 1.341891 	 2.582554 
0.821000 	 1.396623 	 2.622686 
0.822000 	 1.453448 	 2.664476 
0.823000 	 1.512317 	 2.707877 
0.824000 	 1.573179 	 2.752844 
0.825000 	 1.635986 	 2.799330 
0.826000 	 1.700687 	 2.847288 
0.827000 	 1.767234 	 2.896672 
0.828000 	 1.835577 	 2.947435 
0.829000 	 1.905667 	 2.999532 
0.830000 	 1.977454 	 3.052916 
0.831000 	 2.050888 	 3.107540 
0.832000 	 2.125920 	 3.163359 
0.833000 	 2.202501 	 3.220325 
0.834000 	 2.280582 	 3.278392 
0.835000 	 2.360112 	 3.337514 
0.836000 	 2.441042 	 3.397644 
0.837000 	 2.523323 	 3.458736 
0.838000 	 2.606905 	 3.520744 
0.839000 	 2.691740 	 3.583622 
0.840000 	 2.777776 	 3.647322 
0.841000 	 2.864966 	 3.711798 
0.842000 	 2.953259 	 3.777005 
0.843000 	 3.042606 	 3.842895 
0.844000 	 3.132958 	 3.909422 
0.845000 	 3.224265 	 3.976540 
0.846000 	 3.316477 	 4.044203 
0.847000 	 3.409546 	 4.112363 
0.848000 	 3.503421 	 4.180975 
0.849000 	 3.598053 	 4.249993 
0.850000 	 3.693393 	 4.319369 
0.851000 	 3.789392 	 4.389057 
0.852000 	 3.885999 	 4.459012 
0.853000 	 3.983166 	 4.529186 
0.854000 	 4.080842 	 4.599533 
0.855000 	 4.178979 	 4.670007 
0.856000 	 4.277527 	 4.740561 
0.857000 	 4.376437 	 4.811149 
0.858000 	 4.475658 	 4.881725 
0.859000 	 4.575142 	 4.952242 
0.860000 	 4.674839 	 5.022654 
0.861000 	 4.774700 	 5.092914 
0.862000 	 4.874675 	 5.162976 
0.863000 	 4.974715 	 5.232794 
0.864000 	 5.074769 	 5.302321 
0.865000 	 5.174790 	 5.371510 
0.866000 	 5.274727 	 5.440316 
0.867000 	 5.374531 	 5.508692 
0.868000 	 5.474152 	 5.576592 
0.869000 	 5.573541 	 5.643968 
0.870000 	 5.672648 	 5.710775 
0.871000 	 5.771425 	 5.776967 
0.872000 	 5.869821 	 5.842496 
0.873000 	 5.967787 	 5.907317 
0.874000 	 6.065274 	 5.971384 
0.875000 	 6.162231 	 6.034649 
0.876000 	 6.258611 	 6.097066 
0.877000 	 6.354362 	 6.158589 
0.878000 	 6.449437 	 6.219172 
0.879000 	 6.543784 	 6.278767 
0.880000 	 6.637355 	 6.337330 
0.881000 	 6.730101 	 6.394813 
0.882000 	 6.821972 	 6.451169 
0.883000 	 6.912918 	 6.506353 
0.884000 	 7.002889 	 6.560319 
0.885000 	 7.091838 	 6.613019 
0.886000 	 7.179713 	 6.664407 
0.887000 	 7.266466 	 6.714437 
0.888000 	 7.352047 	 6.763063 
0.889000 	 7.436406 	 6.810237 
0.890000 	 7.519495 	 6.855915 
0.891000 	 7.601263 	 6.900048 
0.892000 	 7.681662 	 6.942592 
0.893000 	 7.760641 	 6.983499 
0.894000 	 7.838151 	 7.022723 
0.895000 	 7.914144 	 7.060218 
0.896000 	 7.988568 	 7.095937 
0.897000 	 8.061376 	 7.129834 
0.898000 	 8.132517 	 7.161862 
0.899000 	 8.201942 	 7.191976 
0.900000 	 8.269601 	 7.220128 
0.901000 	 8.335456 	 7.246283 
0.902000 	 8.399514 	 7.270454 
0.903000 	 8.461790 	 7.292662 
0.904000 	 8.522302 	 7.312930 
0.905000 	 8.581067 	 7.331281 
0.906000 	 8.638101 	 7.347738 
0.907000 	 8.693422 	 7.362322 
0.908000 	 8.747046 	 7.375056 
0.909000 	 8.798990 	 7.385964 
0.910000 	 8.849272 	 7.395067 
0.911000 	 8.897908 	 7.402389 
0.912000 	 8.944915 	 7.407952 
0.913000 	 8.990310 	 7.411778 
0.914000 	 9.034110 	 7.413890 
0.915000 	 9.076332 	 7.414311 
0.916000 	 9.116992 	 7.413064 
0.917000 	 9.156109 	 7.410170 
0.918000 	 9.193698 	 7.405653 
0.919000 	 9.229776 	 7.399536 
0.920000 	 9.264361 	 7.391840 
0.921000 	 9.297469 	 7.382588 
0.922000 	 9.329117 	 7.371804 
0.923000 	 9.359323 	 7.359509 
0.924000 	 9.388102 	 7.345726 
0.925000 	 9.415473 	 7.330478 
0.926000 	 9.441451 	 7.313787 
0.927000 	 9.466055 	 7.295677 
0.928000 	 9.489300 	 7.276169 
0.929000 	 9.511204 	 7.255287 
0.930000 	 9.531783 	 7.233052 
0.931000 	 9.551055 	 7.209488 
0.932000 	 9.569036 	 7.184617 
0.933000 	 9.585744 	 7.158462 
0.934000 	 9.601195 	 7.131045 
0.935000 	 9.615406 	 7.102388 
0.936000 	 9.628394 	 7.072516 
0.937000 	 9.640176 	 7.041449 
0.938000 	 9.650769 	 7.009211 
0.939000 	 9.660190 	 6.975825 
0.940000 	 9.668456 	 6.941312 
0.941000 	 9.675583 	 6.905696 
0.942000 	 9.681589 	 6.869000 
0.943000 	 9.686490 	 6.831245 
0.944000 	 9.690304 	 6.792454 
0.945000 	 9.693047 	 6.752650 
0.946000 	 9.694736 	 6.711856 
0.947000 	 9.695389 	 6.670094 
0.948000 	 9.695021 	 6.627387 
0.949000 	 9.693651 	 6.583758 
0.950000 	 9.691294 	 6.539228 
0.951000 	 9.687969 	 6.493821 
0.952000 	 9.683691 	 6.447559 
0.953000 	 9.678477 	 6.400465 
0.954000 	 9.672346 	 6.352562 
0.955000 	 9.665312 	 6.303871 
0.956000 	 9.657394 	 6.254416 
0.957000 	 9.648609 	 6.204220 
0.958000 	 9.638973 	 6.153304 
0.959000 	 9.628503 	 6.101692 
0.960000 	 9.617215 	 6.049406 
0.961000 	 9.605128 	 5.996469 
0.962000 	 9.592258 	 5.942903 
0.963000 	 9.578622 	 5.888731 
0.964000 	 9.564236 	 5.833975 
0.965000 	 9.549118 	 5.778659 
0.966000 	 9.533285 	 5.722804 
0.967000 	 9.516753 	 5.666434 
0.968000 	 9.499540 	 5.609570 
0.969000 	 9.481661 	 5.552236 
0.970000 	 9.463135 	 5.494455 
0.971000 	 9.443979 	 5.436248 
0.972000 	 9.424208 	 5.377638 
0.973000 	 9.403840 	 5.318649 
0.974000 	 9.382892 	 5.259302 
0.975000 	 9.361381 	 5.199620 
0.976000 	 9.339324 	 5.139626 
0.977000 	 9.316737 	 5.079343 
0.978000 	 9.293638 	 5.018792 
0.979000 	 9.270044 	 4.957997 
0.980000 	 9.245970 	 4.896981 
0.981000 	 9.221435 	 4.835765 
0.982000 	 9.196456 	 4.774373 
0.983000 	 9.171048 	 4.712827 
0.984000 	 9.145230 	 4.651149 
0.985000 	 9.119017 	 4.589363 
0.986000 	 9.092428 	 4.527491 
0.987000 	 9.065478 	 4.465555 
0.988000 	 9.038185 	 4.403578 
0.989000 	 9.010565 	 4.341583 
0.990000 	 8.982637 	 4.279592 
0.991000 	 8.954415 	 4.217628 
0.992000 	 8.925918 	 4.155714 
0.993000 	 8.897162 	 4.093872 
0.994000 	 8.868165 	 4.032125 
0.995000 	 8.838943 	 3.970495 
0.996000 	 8.809512 	 3.909005 
0.997000 	 8.779891 	 3.847677 
0.998000 	 8.750096 	 3.786535 
0.999000 	 8.720143 	 3.725601 
1.000000 	 8.690050 	 3.664896 
1.001000 	 8.659832 	 3.604443 
1.002000 	 8.629496 	 3.544253 
1.003000 	 8.599047 	 3.484335 
1.004000 	 8.568490 	 3.424700 
1.005000 	 8.537832 	 3.365357 
1.006000 	 8.507076 	 3.306316 
1.007000 	 8.476229 	 3.247587 
1.008000 	 8.445296 	 3.189180 
1.009000 	 8.414282 	 3.131105 
1.010000 	 8.383192 	 3.073371 
1.011000 	 8.352032 	 3.015988 
1.012000 	 8.320807 	 2.958967 
1.013000 	 8.289522 	 2.902316 
1.014000 	 8.258183 	 2.846046 
1.015000 	 8.226795 	 2.790167 
1.016000 	 8.195363 	 2.734688 
1.017000 	 8.163892 	 2.679619 
1.018000 	 8.132388 	 2.624971 
1.019000 	 8.100857 	 2.570752 
1.020000 	 8.069302 	 2.516973 
1.021000 	 8.037731 	 2.463644 
1.022000 	 8.006147 	 2.410774 
1.023000 	 7.974557 	 2.358373 
1.024000 	 7.942966 	 2.306451 
1.025000 	 7.911378 	 2.255018 
1.026000 	 7.879800 	 2.204084 
1.027000 	 7.848236 	 2.153658 
1.028000 	 7.816692 	 2.103750 
1.029000 	 7.785174 	 2.054371 
1.030000 	 7.753686 	 2.005530 
1.031000 	 7.722233 	 1.957236 
1.032000 	 7.690822 	 1.909501 
1.033000 	 7.659457 	 1.862332 
1.034000 	 7.628144 	 1.815741 
1.035000 	 7.596887 	 1.769737 
1.036000 	 7.565693 	 1.724330 
1.037000 	 7.534567 	 1.679530 
1.038000 	 7.503513 	 1.635347 
1.039000 	 7.472538 	 1.591790 
1.040000 	 7.441646 	 1.548869 
1.041000 	 7.410844 	 1.506594 
1.042000 	 7.380135 	 1.464975 
1.043000 	 7.349525 	 1.424022 
1.044000 	 7.319021 	 1.383745 
1.045000 	 7.288626 	 1.344152 
1.046000 	 7.258347 	 1.305256 
1.047000 	 7.228188 	 1.267064 
1.048000 	 7.198156 	 1.229587 
1.049000 	 7.168254 	 1.192835 
1.050000 	 7.138490 	 1.156817 
1.051000 	 7.108867 	 1.121544 
1.052000 	 7.079391 	 1.087024 
1.053000 	 7.050068 	 1.053269 
1.054000 	 7.020902 	 1.020288 
1.055000 	 6.991900 	 0.988091 
1.056000 	 6.963066 	 0.956686 
1.057000 	 6.934405 	 0.926086 
1.058000 	 6.905924 	 0.896298 
1.059000 	 6.877627 	 0.867333 
1.060000 	 6.849519 	 0.839202 
1.061000 	 6.821607 	 0.811912 
1.062000 	 6.793895 	 0.785476 
1.063000 	 6.766388 	 0.759901 
1.064000 	 6.739092 	 0.735199 
1.065000 	 6.712012 	 0.711379 
1.066000 	 6.685154 	 0.688450 
1.067000 	 6.658522 	 0.666423 
1.068000 	 6.632123 	 0.645308 
1.069000 	 6.605960 	 0.625113 
1.070000 	 6.580041 	 0.605850 
1.071000 	 6.554369 	 0.587528 
1.072000 	 6.528951 	 0.570156 
1.073000 	 6.503791 	 0.553745 
1.074000 	 6.478895 	 0.538305 
1.075000 	 6.454269 	 0.523844 
1.076000 	 6.429916 	 0.510374 
1.077000 	 6.405844 	 0.497903 
1.078000 	 6.382057 	 0.486443 
1.079000 	 6.358560 	 0.476001 
1.080000 	 6.335359 	 0.466590 
1.081000 	 6.312458 	 0.458217 
1.082000 	 6.289864 	 0.450893 
1.083000 	 6.267582 	 0.444628 
1.084000 	 6.245617 	 0.439432 
1.085000 	 6.223974 	 0.435315 
1.086000 	 6.202658 	 0.432285 
1.087000 	 6.181675 	 0.430354 
1.088000 	 6.161031 	 0.429531 
1.089000 	 6.140729 	 0.429825 
1.090000 	 6.120777 	 0.431247 
1.091000 	 6.101179 	 0.433807 
1.092000 	 6.081940 	 0.437514 
1.093000 	 6.063065 	 0.442378 
1.094000 	 6.044561 	 0.448409 
1.095000 	 6.026432 	 0.455617 
1.096000 	 6.008683 	 0.464011 
1.097000 	 5.991320 	 0.473602 
1.098000 	 5.974349 	 0.484399 
1.099000 	 5.957774 	 0.496412 
1.100000 	 5.941601 	 0.509651 
1.101000 	 5.925833 	 0.524122 
1.102000 	 5.910469 	 0.539816 
1.103000 	 5.895503 	 0.556721 
1.104000 	 5.880932 	 0.574825 
1.105000 	 5.866752 	 0.594116 
1.106000 	 5.852959 	 0.614580 
1.107000 	 5.839548 	 0.636206 
1.108000 	 5.826516 	 0.658981 
1.109000 	 5.813859 	 0.682893 
1.110000 	 5.801572 	 0.707929 
1.111000 	 5.789652 	 0.734078 
1.112000 	 5.778093 	 0.761326 
1.113000 	 5.766893 	 0.789662 
1.114000 	 5.756048 	 0.819073 
1.115000 	 5.745552 	 0.849547 
1.116000 	 5.735402 	 0.881071 
1.117000 	 5.725595 	 0.913633 
1.118000 	 5.716125 	 0.947221 
1.119000 	 5.706989 	 0.981822 
1.120000 	 5.698183 	 1.017424 
1.121000 	 5.689702 	 1.054014 
1.122000 	 5.681543 	 1.091581 
1.123000 	 5.673702 	 1.130111 
1.124000 	 5.666174 	 1.169593 
1.125000 	 5.658955 	 1.210015 
1.126000 	 5.652042 	 1.251363 
1.127000 	 5.645430 	 1.293625 
1.128000 	 5.639115 	 1.336790 
1.129000 	 5.633094 	 1.380844 
1.130000 	 5.627361 	 1.425776 
1.131000 	 5.621913 	 1.471573 
1.132000 	 5.616747 	 1.518222 
1.133000 	 5.611857 	 1.565712 
1.134000 	 5.607240 	 1.614029 
1.135000 	 5.602891 	 1.663162 
1.136000 	 5.598807 	 1.713099 
1.137000 	 5.594984 	 1.763826 
1.138000 	 5.591417 	 1.815332 
1.139000 	 5.588103 	 1.867603 
1.140000 	 5.585037 	 1.920629 
1.141000 	 5.582215 	 1.974396 
1.142000 	 5.579633 	 2.028893 
1.143000 	 5.577287 	 2.084105 
1.144000 	 5.575174 	 2.140023 
1.145000 	 5.573288 	 2.196632 
1.146000 	 5.571627 	 2.253921 
1.147000 	 5.570185 	 2.311877 
1.148000 	 5.568959 	 2.370488 
1.149000 	 5.567945 	 2.429742 
1.150000 	 5.567138 	 2.489626 
1.151000 	 5.566535 	 2.550128 
1.152000 	 5.566131 	 2.611235 
1.153000 	 5.565923 	 2.672936 
1.154000 	 5.565906 	 2.735217 
1.155000 	 5.566076 	 2.798067 
1.156000 	 5.566430 	 2.861473 
1.157000 	 5.566963 	 2.925422 
1.158000 	 5.567670 	 2.989903 
1.159000 	 5.568549 	 3.054903 
1.160000 	 5.569595 	 3.120409 
1.161000 	 5.570803 	 3.186410 
1.162000 	 5.572170 	 3.252893 
1.163000 	 5.573692 	 3.319845 
1.164000 	 5.575365 	 3.387255 
1.165000 	 5.577184 	 3.455109 
1.166000 	 5.579146 	 3.523396 
1.167000 	 5.581246 	 3.592103 
1.168000 	 5.583480 	 3.661218 
1.169000 	 5.585845 	 3.730729 
1.170000 	 5.588335 	 3.800622 
1.171000 	 5.590948 	 3.870886 
1.172000 	 5.593679 	 3.941508 
1.173000 	 5.596524 	 4.012477 
1.174000 	 5.599479 	 4.083779 
1.175000 	 5.602540 	 4.155402 
1.176000 	 5.605703 	 4.227335 
1.177000 	 5.608963 	 4.299564 
1.178000 	 5.612317 	 4.372077 
1.179000 	 5.615760 	 4.444862 
1.180000 	 5.619289 	 4.517906 
1.181000 	 5.622899 	 4.591198 
1.182000 	 5.626587 	 4.664724 
1.183000 	 5.630348 	 4.738473 
1.184000 	 5.634178 	 4.812432 
1.185000 	 5.638074 	 4.886589 
1.186000 	 5.642030 	 4.960931 
1.187000 	 5.646043 	 5.035446 
1.188000 	 5.650110 	 5.110121 
1.189000 	 5.654225 	 5.184945 
1.190000 	 5.658385 	 5.259905 
1.191000 	 5.662585 	 5.334989 
1.192000 	 5.666823 	 5.410183 
1.193000 	 5.671092 	 5.485477 
1.194000 	 5.675391 	 5.560857 
1.195000 	 5.679714 	 5.636311 
1.196000 	 5.684057 	 5.711827 
1.197000 	 5.688416 	 5.787392 
1.198000 	 5.692788 	 5.862995 
1.199000 	 5.697168 	 5.938622 
