0.100000 	 8.382780 
0.101000 	 8.423503 
0.102000 	 8.464206 
0.103000 	 8.504866 
0.104000 	 8.545463 
0.105000 	 8.585976 
0.106000 	 8.626385 
0.107000 	 8.666667 
0.108000 	 8.706802 
0.109000 	 8.746768 
0.110000 	 8.786546 
0.111000 	 8.826114 
0.112000 	 8.865450 
0.113000 	 8.904534 
0.114000 	 8.943345 
0.115000 	 8.981862 
0.116000 	 9.020064 
0.117000 	 9.057929 
0.118000 	 9.095438 
0.119000 	 9.132568 
0.120000 	 9.169298 
0.121000 	 9.205609 
0.122000 	 9.241478 
0.123000 	 9.276885 
0.124000 	 9.311808 
0.125000 	 9.346227 
0.126000 	 9.380121 
0.127000 	 9.413469 
0.128000 	 9.446249 
0.129000 	 9.478441 
0.130000 	 9.510023 
0.131000 	 9.540975 
0.132000 	 9.571275 
0.133000 	 9.600903 
0.134000 	 9.629838 
0.135000 	 9.658058 
0.136000 	 9.685543 
0.137000 	 9.712271 
0.138000 	 9.738221 
0.139000 	 9.763373 
0.140000 	 9.787706 
0.141000 	 9.811198 
0.142000 	 9.833828 
0.143000 	 9.855576 
0.144000 	 9.876420 
0.145000 	 9.896340 
0.146000 	 9.915314 
0.147000 	 9.933322 
0.148000 	 9.950341 
0.149000 	 9.966352 
0.150000 	 9.981334 
0.151000 	 9.995265 
0.152000 	 10.008124 
0.153000 	 10.019890 
0.154000 	 10.030542 
0.155000 	 10.040060 
0.156000 	 10.048422 
0.157000 	 10.055608 
0.158000 	 10.061595 
0.159000 	 10.066364 
0.160000 	 10.069893 
0.161000 	 10.072161 
0.162000 	 10.073147 
0.163000 	 10.072830 
0.164000 	 10.071190 
0.165000 	 10.068204 
0.166000 	 10.063853 
0.167000 	 10.058115 
0.168000 	 10.050969 
0.169000 	 10.042394 
0.170000 	 10.032369 
0.171000 	 10.020873 
0.172000 	 10.007885 
0.173000 	 9.993384 
0.174000 	 9.977349 
0.175000 	 9.959759 
0.176000 	 9.940593 
0.177000 	 9.919830 
0.178000 	 9.897448 
0.179000 	 9.873428 
0.180000 	 9.847748 
0.181000 	 9.820386 
0.182000 	 9.791323 
0.183000 	 9.760536 
0.184000 	 9.728005 
0.185000 	 9.693709 
0.186000 	 9.657627 
0.187000 	 9.619738 
0.188000 	 9.580020 
0.189000 	 9.538454 
0.190000 	 9.495017 
0.191000 	 9.449688 
0.192000 	 9.402448 
0.193000 	 9.353274 
0.194000 	 9.302146 
0.195000 	 9.249043 
0.196000 	 9.193943 
0.197000 	 9.136826 
0.198000 	 9.077671 
0.199000 	 9.016456 
0.200000 	 8.953161 
0.201000 	 8.887778 
0.202000 	 8.820348 
0.203000 	 8.750928 
0.204000 	 8.679573 
0.205000 	 8.606338 
0.206000 	 8.531279 
0.207000 	 8.454451 
0.208000 	 8.375910 
0.209000 	 8.295711 
0.210000 	 8.213910 
0.211000 	 8.130561 
0.212000 	 8.045722 
0.213000 	 7.959446 
0.214000 	 7.871789 
0.215000 	 7.782807 
0.216000 	 7.692555 
0.217000 	 7.601089 
0.218000 	 7.508464 
0.219000 	 7.414736 
0.220000 	 7.319959 
0.221000 	 7.224190 
0.222000 	 7.127484 
0.223000 	 7.029896 
0.224000 	 6.931482 
0.225000 	 6.832297 
0.226000 	 6.732396 
0.227000 	 6.631836 
0.228000 	 6.530671 
0.229000 	 6.428957 
0.230000 	 6.326749 
0.231000 	 6.224103 
0.232000 	 6.121074 
0.233000 	 6.017718 
0.234000 	 5.914090 
0.235000 	 5.810246 
0.236000 	 5.706241 
0.237000 	 5.602130 
0.238000 	 5.497969 
0.239000 	 5.393813 
0.240000 	 5.289718 
0.241000 	 5.185739 
0.242000 	 5.081932 
0.243000 	 4.978352 
0.244000 	 4.875054 
0.245000 	 4.772094 
0.246000 	 4.669528 
0.247000 	 4.567410 
0.248000 	 4.465797 
0.249000 	 4.364744 
0.250000 	 4.264305 
0.251000 	 4.164537 
0.252000 	 4.065495 
0.253000 	 3.967235 
0.254000 	 3.869812 
0.255000 	 3.773280 
0.256000 	 3.677697 
0.257000 	 3.583117 
0.258000 	 3.489595 
0.259000 	 3.397188 
0.260000 	 3.305950 
0.261000 	 3.215937 
0.262000 	 3.127204 
0.263000 	 3.039808 
0.264000 	 2.953802 
0.265000 	 2.869244 
0.266000 	 2.786187 
0.267000 	 2.704688 
0.268000 	 2.624802 
0.269000 	 2.546585 
0.270000 	 2.470091 
0.271000 	 2.395377 
0.272000 	 2.322498 
0.273000 	 2.251509 
0.274000 	 2.182465 
0.275000 	 2.115423 
0.276000 	 2.050437 
0.277000 	 1.987563 
0.278000 	 1.926857 
0.279000 	 1.868373 
0.280000 	 1.812168 
0.281000 	 1.758297 
0.282000 	 1.706815 
0.283000 	 1.657777 
0.284000 	 1.611239 
0.285000 	 1.567257 
0.286000 	 1.525886 
0.287000 	 1.487182 
0.288000 	 1.451199 
0.289000 	 1.417993 
0.290000 	 1.387620 
0.291000 	 1.360135 
0.292000 	 1.335594 
0.293000 	 1.314052 
0.294000 	 1.295564 
0.295000 	 1.280186 
0.296000 	 1.267974 
0.297000 	 1.258982 
0.298000 	 1.253267 
0.299000 	 1.250883 
0.300000 	 1.251886 
0.301000 	 1.256311 
0.302000 	 1.264114 
0.303000 	 1.275228 
0.304000 	 1.289587 
0.305000 	 1.307126 
0.306000 	 1.327779 
0.307000 	 1.351481 
0.308000 	 1.378166 
0.309000 	 1.407768 
0.310000 	 1.440222 
0.311000 	 1.475462 
0.312000 	 1.513422 
0.313000 	 1.554037 
0.314000 	 1.597241 
0.315000 	 1.642968 
0.316000 	 1.691153 
0.317000 	 1.741730 
0.318000 	 1.794633 
0.319000 	 1.849797 
0.320000 	 1.907156 
0.321000 	 1.966645 
0.322000 	 2.028197 
0.323000 	 2.091748 
0.324000 	 2.157230 
0.325000 	 2.224580 
0.326000 	 2.293731 
0.327000 	 2.364617 
0.328000 	 2.437173 
0.329000 	 2.511334 
0.330000 	 2.587032 
0.331000 	 2.664204 
0.332000 	 2.742783 
0.333000 	 2.822704 
0.334000 	 2.903900 
0.335000 	 2.986306 
0.336000 	 3.069858 
0.337000 	 3.154488 
0.338000 	 3.240131 
0.339000 	 3.326722 
0.340000 	 3.414195 
0.341000 	 3.502485 
0.342000 	 3.591525 
0.343000 	 3.681250 
0.344000 	 3.771594 
0.345000 	 3.862492 
0.346000 	 3.953878 
0.347000 	 4.045686 
0.348000 	 4.137852 
0.349000 	 4.230308 
0.350000 	 4.322989 
0.351000 	 4.415831 
0.352000 	 4.508766 
0.353000 	 4.601730 
0.354000 	 4.694657 
0.355000 	 4.787481 
0.356000 	 4.880136 
0.357000 	 4.972557 
0.358000 	 5.064679 
0.359000 	 5.156435 
0.360000 	 5.247759 
0.361000 	 5.338587 
0.362000 	 5.428853 
0.363000 	 5.518490 
0.364000 	 5.607434 
0.365000 	 5.695618 
0.366000 	 5.782977 
0.367000 	 5.869445 
0.368000 	 5.954957 
0.369000 	 6.039447 
0.370000 	 6.122850 
0.371000 	 6.205099 
0.372000 	 6.286129 
0.373000 	 6.365874 
0.374000 	 6.444269 
0.375000 	 6.521248 
0.376000 	 6.596745 
0.377000 	 6.670695 
0.378000 	 6.743032 
0.379000 	 6.813691 
0.380000 	 6.882605 
0.381000 	 6.949709 
0.382000 	 7.014938 
0.383000 	 7.078226 
0.384000 	 7.139506 
0.385000 	 7.198715 
0.386000 	 7.255785 
0.387000 	 7.310651 
0.388000 	 7.363247 
0.389000 	 7.413509 
0.390000 	 7.461370 
0.391000 	 7.506764 
0.392000 	 7.549626 
0.393000 	 7.589890 
0.394000 	 7.627491 
0.395000 	 7.662363 
0.396000 	 7.694440 
0.397000 	 7.723657 
0.398000 	 7.749948 
0.399000 	 7.773247 
0.400000 	 7.793488 
0.401000 	 7.810626 
0.402000 	 7.824686 
0.403000 	 7.835716 
0.404000 	 7.843762 
0.405000 	 7.848869 
0.406000 	 7.851085 
0.407000 	 7.850455 
0.408000 	 7.847026 
0.409000 	 7.840844 
0.410000 	 7.831955 
0.411000 	 7.820405 
0.412000 	 7.806241 
0.413000 	 7.789509 
0.414000 	 7.770254 
0.415000 	 7.748524 
0.416000 	 7.724365 
0.417000 	 7.697822 
0.418000 	 7.668943 
0.419000 	 7.637773 
0.420000 	 7.604358 
0.421000 	 7.568745 
0.422000 	 7.530980 
0.423000 	 7.491109 
0.424000 	 7.449179 
0.425000 	 7.405235 
0.426000 	 7.359324 
0.427000 	 7.311493 
0.428000 	 7.261787 
0.429000 	 7.210252 
0.430000 	 7.156936 
0.431000 	 7.101883 
0.432000 	 7.045141 
0.433000 	 6.986756 
0.434000 	 6.926773 
0.435000 	 6.865239 
0.436000 	 6.802201 
0.437000 	 6.737704 
0.438000 	 6.671796 
0.439000 	 6.604521 
0.440000 	 6.535926 
0.441000 	 6.466058 
0.442000 	 6.394963 
0.443000 	 6.322686 
0.444000 	 6.249275 
0.445000 	 6.174776 
0.446000 	 6.099234 
0.447000 	 6.022696 
0.448000 	 5.945208 
0.449000 	 5.866816 
0.450000 	 5.787568 
0.451000 	 5.707508 
0.452000 	 5.626683 
0.453000 	 5.545140 
0.454000 	 5.462924 
0.455000 	 5.380082 
0.456000 	 5.296660 
0.457000 	 5.212704 
0.458000 	 5.128261 
0.459000 	 5.043377 
0.460000 	 4.958098 
0.461000 	 4.872470 
0.462000 	 4.786540 
0.463000 	 4.700353 
0.464000 	 4.613956 
0.465000 	 4.527396 
0.466000 	 4.440718 
0.467000 	 4.353969 
0.468000 	 4.267194 
0.469000 	 4.180441 
0.470000 	 4.093756 
0.471000 	 4.007184 
0.472000 	 3.920771 
0.473000 	 3.834565 
0.474000 	 3.748612 
0.475000 	 3.662956 
0.476000 	 3.577646 
0.477000 	 3.492727 
0.478000 	 3.408245 
0.479000 	 3.324247 
0.480000 	 3.240778 
0.481000 	 3.157886 
0.482000 	 3.075616 
0.483000 	 2.994014 
0.484000 	 2.913127 
0.485000 	 2.833001 
0.486000 	 2.753682 
0.487000 	 2.675217 
0.488000 	 2.597651 
0.489000 	 2.521032 
0.490000 	 2.445404 
0.491000 	 2.370815 
0.492000 	 2.297311 
0.493000 	 2.224937 
0.494000 	 2.153741 
0.495000 	 2.083768 
0.496000 	 2.015064 
0.497000 	 1.947677 
0.498000 	 1.881651 
0.499000 	 1.817034 
0.500000 	 1.753871 
0.501000 	 1.692200 
0.502000 	 1.632022 
0.503000 	 1.573328 
0.504000 	 1.516111 
0.505000 	 1.460362 
0.506000 	 1.406072 
0.507000 	 1.353234 
0.508000 	 1.301841 
0.509000 	 1.251882 
0.510000 	 1.203351 
0.511000 	 1.156239 
0.512000 	 1.110538 
0.513000 	 1.066240 
0.514000 	 1.023336 
0.515000 	 0.981819 
0.516000 	 0.941680 
0.517000 	 0.902912 
0.518000 	 0.865505 
0.519000 	 0.829452 
0.520000 	 0.794745 
0.521000 	 0.761375 
0.522000 	 0.729335 
0.523000 	 0.698616 
0.524000 	 0.669210 
0.525000 	 0.641109 
0.526000 	 0.614304 
0.527000 	 0.588788 
0.528000 	 0.564552 
0.529000 	 0.541589 
0.530000 	 0.519889 
0.531000 	 0.499446 
0.532000 	 0.480250 
0.533000 	 0.462293 
0.534000 	 0.445568 
0.535000 	 0.430066 
0.536000 	 0.415779 
0.537000 	 0.402699 
0.538000 	 0.390818 
0.539000 	 0.380127 
0.540000 	 0.370619 
0.541000 	 0.362285 
0.542000 	 0.355116 
0.543000 	 0.349106 
0.544000 	 0.344246 
0.545000 	 0.340527 
0.546000 	 0.337941 
0.547000 	 0.336481 
0.548000 	 0.336137 
0.549000 	 0.336903 
0.550000 	 0.338769 
0.551000 	 0.341728 
0.552000 	 0.345771 
0.553000 	 0.350890 
0.554000 	 0.357078 
0.555000 	 0.364325 
0.556000 	 0.372624 
0.557000 	 0.381967 
0.558000 	 0.392345 
0.559000 	 0.403751 
0.560000 	 0.416175 
0.561000 	 0.429610 
0.562000 	 0.444049 
0.563000 	 0.459481 
0.564000 	 0.475900 
0.565000 	 0.493298 
0.566000 	 0.511665 
0.567000 	 0.530995 
0.568000 	 0.551278 
0.569000 	 0.572506 
0.570000 	 0.594673 
0.571000 	 0.617768 
0.572000 	 0.641785 
0.573000 	 0.666714 
0.574000 	 0.692548 
0.575000 	 0.719279 
0.576000 	 0.746898 
0.577000 	 0.775398 
0.578000 	 0.804770 
0.579000 	 0.835005 
0.580000 	 0.866097 
0.581000 	 0.898036 
0.582000 	 0.930814 
0.583000 	 0.964424 
0.584000 	 0.998857 
0.585000 	 1.034105 
0.586000 	 1.070159 
0.587000 	 1.107013 
0.588000 	 1.144656 
0.589000 	 1.183083 
0.590000 	 1.222283 
0.591000 	 1.262249 
0.592000 	 1.302973 
0.593000 	 1.344446 
0.594000 	 1.386662 
0.595000 	 1.429610 
0.596000 	 1.473284 
0.597000 	 1.517674 
0.598000 	 1.562773 
0.599000 	 1.608573 
0.600000 	 1.655066 
0.601000 	 1.702240 
0.602000 	 1.750071 
0.603000 	 1.798534 
0.604000 	 1.847602 
0.605000 	 1.897247 
0.606000 	 1.947444 
0.607000 	 1.998167 
0.608000 	 2.049387 
0.609000 	 2.101080 
0.610000 	 2.153218 
0.611000 	 2.205775 
0.612000 	 2.258725 
0.613000 	 2.312040 
0.614000 	 2.365694 
0.615000 	 2.419661 
0.616000 	 2.473914 
0.617000 	 2.528427 
0.618000 	 2.583172 
0.619000 	 2.638125 
0.620000 	 2.693257 
0.621000 	 2.748542 
0.622000 	 2.803955 
0.623000 	 2.859468 
0.624000 	 2.915054 
0.625000 	 2.970688 
0.626000 	 3.026342 
0.627000 	 3.081991 
0.628000 	 3.137607 
0.629000 	 3.193164 
0.630000 	 3.248635 
0.631000 	 3.303995 
0.632000 	 3.359216 
0.633000 	 3.414272 
0.634000 	 3.469136 
0.635000 	 3.523782 
0.636000 	 3.578183 
0.637000 	 3.632312 
0.638000 	 3.686144 
0.639000 	 3.739651 
0.640000 	 3.792808 
0.641000 	 3.845587 
0.642000 	 3.897962 
0.643000 	 3.949906 
0.644000 	 4.001393 
0.645000 	 4.052396 
0.646000 	 4.102889 
0.647000 	 4.152845 
0.648000 	 4.202238 
0.649000 	 4.251041 
0.650000 	 4.299228 
0.651000 	 4.346771 
0.652000 	 4.393645 
0.653000 	 4.439823 
0.654000 	 4.485279 
0.655000 	 4.529985 
0.656000 	 4.573915 
0.657000 	 4.617043 
0.658000 	 4.659343 
0.659000 	 4.700787 
0.660000 	 4.741349 
0.661000 	 4.781002 
0.662000 	 4.819721 
0.663000 	 4.857478 
0.664000 	 4.894247 
0.665000 	 4.930002 
0.666000 	 4.964715 
0.667000 	 4.998360 
0.668000 	 5.030911 
0.669000 	 5.062342 
0.670000 	 5.092625 
0.671000 	 5.121734 
0.672000 	 5.149643 
0.673000 	 5.176324 
0.674000 	 5.201752 
0.675000 	 5.225900 
0.676000 	 5.248742 
0.677000 	 5.270250 
0.678000 	 5.290398 
0.679000 	 5.309160 
0.680000 	 5.326510 
0.681000 	 5.342419 
0.682000 	 5.356863 
0.683000 	 5.369815 
0.684000 	 5.381248 
0.685000 	 5.391134 
0.686000 	 5.399449 
0.687000 	 5.406165 
0.688000 	 5.411256 
0.689000 	 5.414696 
0.690000 	 5.416457 
0.691000 	 5.416513 
0.692000 	 5.414838 
0.693000 	 5.411404 
0.694000 	 5.406187 
0.695000 	 5.399158 
0.696000 	 5.390292 
0.697000 	 5.379561 
0.698000 	 5.366940 
0.699000 	 5.352402 
0.700000 	 5.335920 
0.701000 	 5.317479 
0.702000 	 5.297107 
0.703000 	 5.274846 
0.704000 	 5.250734 
0.705000 	 5.224813 
0.706000 	 5.197121 
0.707000 	 5.167700 
0.708000 	 5.136590 
0.709000 	 5.103829 
0.710000 	 5.069460 
0.711000 	 5.033521 
0.712000 	 4.996052 
0.713000 	 4.957095 
0.714000 	 4.916688 
0.715000 	 4.874873 
0.716000 	 4.831688 
0.717000 	 4.787175 
0.718000 	 4.741373 
0.719000 	 4.694322 
0.720000 	 4.646063 
0.721000 	 4.596635 
0.722000 	 4.546080 
0.723000 	 4.494435 
0.724000 	 4.441743 
0.725000 	 4.388043 
0.726000 	 4.333375 
0.727000 	 4.277778 
0.728000 	 4.221295 
0.729000 	 4.163963 
0.730000 	 4.105824 
0.731000 	 4.046917 
0.732000 	 3.987283 
0.733000 	 3.926962 
0.734000 	 3.865993 
0.735000 	 3.804417 
0.736000 	 3.742275 
0.737000 	 3.679605 
0.738000 	 3.616449 
0.739000 	 3.552846 
0.740000 	 3.488836 
0.741000 	 3.424459 
0.742000 	 3.359756 
0.743000 	 3.294767 
0.744000 	 3.229532 
0.745000 	 3.164090 
0.746000 	 3.098482 
0.747000 	 3.032749 
0.748000 	 2.966929 
0.749000 	 2.901064 
0.750000 	 2.835192 
0.751000 	 2.769356 
0.752000 	 2.703593 
0.753000 	 2.637946 
0.754000 	 2.572453 
0.755000 	 2.507155 
0.756000 	 2.442091 
0.757000 	 2.377303 
0.758000 	 2.312829 
0.759000 	 2.248711 
0.760000 	 2.184988 
0.761000 	 2.121700 
0.762000 	 2.058888 
0.763000 	 1.996591 
0.764000 	 1.934850 
0.765000 	 1.873705 
0.766000 	 1.813195 
0.767000 	 1.753361 
0.768000 	 1.694243 
0.769000 	 1.635881 
0.770000 	 1.578316 
0.771000 	 1.521587 
0.772000 	 1.465734 
0.773000 	 1.410797 
0.774000 	 1.356817 
0.775000 	 1.303834 
0.776000 	 1.251887 
0.777000 	 1.201017 
0.778000 	 1.151265 
0.779000 	 1.102669 
0.780000 	 1.055270 
0.781000 	 1.009109 
0.782000 	 0.964224 
0.783000 	 0.920657 
0.784000 	 0.878448 
0.785000 	 0.837636 
0.786000 	 0.798262 
0.787000 	 0.760366 
0.788000 	 0.723987 
0.789000 	 0.689167 
0.790000 	 0.655944 
0.791000 	 0.624360 
0.792000 	 0.594454 
0.793000 	 0.566266 
0.794000 	 0.539836 
0.795000 	 0.515206 
0.796000 	 0.492413 
0.797000 	 0.471500 
0.798000 	 0.452505 
0.799000 	 0.435469 
0.800000 	 0.420432 
0.801000 	 0.407421 
0.802000 	 0.396411 
0.803000 	 0.387363 
0.804000 	 0.380239 
0.805000 	 0.375000 
0.806000 	 0.371609 
0.807000 	 0.370027 
0.808000 	 0.370214 
0.809000 	 0.372134 
0.810000 	 0.375747 
0.811000 	 0.381016 
0.812000 	 0.387901 
0.813000 	 0.396365 
0.814000 	 0.406369 
0.815000 	 0.417874 
0.816000 	 0.430843 
0.817000 	 0.445237 
0.818000 	 0.461017 
0.819000 	 0.478145 
0.820000 	 0.496583 
0.821000 	 0.516292 
0.822000 	 0.537234 
0.823000 	 0.559371 
0.824000 	 0.582664 
0.825000 	 0.607075 
0.826000 	 0.632565 
0.827000 	 0.659096 
0.828000 	 0.686630 
0.829000 	 0.715128 
0.830000 	 0.744552 
0.831000 	 0.774863 
0.832000 	 0.806023 
0.833000 	 0.837995 
0.834000 	 0.870738 
0.835000 	 0.904215 
0.836000 	 0.938388 
0.837000 	 0.973218 
0.838000 	 1.008667 
0.839000 	 1.044696 
0.840000 	 1.081267 
0.841000 	 1.118341 
0.842000 	 1.155881 
0.843000 	 1.193848 
0.844000 	 1.232203 
0.845000 	 1.270908 
0.846000 	 1.309925 
0.847000 	 1.349215 
0.848000 	 1.388740 
0.849000 	 1.428461 
0.850000 	 1.468341 
0.851000 	 1.508340 
0.852000 	 1.548420 
0.853000 	 1.588544 
0.854000 	 1.628672 
0.855000 	 1.668766 
0.856000 	 1.708788 
0.857000 	 1.748700 
0.858000 	 1.788462 
0.859000 	 1.828037 
0.860000 	 1.867386 
0.861000 	 1.906471 
0.862000 	 1.945254 
0.863000 	 1.983696 
0.864000 	 2.021758 
0.865000 	 2.059403 
0.866000 	 2.096591 
0.867000 	 2.133285 
0.868000 	 2.169446 
0.869000 	 2.205036 
0.870000 	 2.240017 
0.871000 	 2.274349 
0.872000 	 2.307995 
0.873000 	 2.340916 
0.874000 	 2.373074 
0.875000 	 2.404430 
0.876000 	 2.434947 
0.877000 	 2.464585 
0.878000 	 2.493306 
0.879000 	 2.521072 
0.880000 	 2.547845 
0.881000 	 2.573585 
0.882000 	 2.598256 
0.883000 	 2.621818 
0.884000 	 2.644232 
0.885000 	 2.665462 
0.886000 	 2.685467 
0.887000 	 2.704210 
0.888000 	 2.721653 
0.889000 	 2.737757 
0.890000 	 2.752483 
0.891000 	 2.765794 
0.892000 	 2.777650 
0.893000 	 2.788014 
0.894000 	 2.796847 
0.895000 	 2.804110 
0.896000 	 2.809766 
0.897000 	 2.813776 
0.898000 	 2.816101 
0.899000 	 2.816703 
0.900000 	 2.815545 
0.901000 	 2.812599 
0.902000 	 2.807893 
0.903000 	 2.801465 
0.904000 	 2.793355 
0.905000 	 2.783601 
0.906000 	 2.772243 
0.907000 	 2.759319 
0.908000 	 2.744869 
0.909000 	 2.728932 
0.910000 	 2.711546 
0.911000 	 2.692751 
0.912000 	 2.672586 
0.913000 	 2.651089 
0.914000 	 2.628301 
0.915000 	 2.604259 
0.916000 	 2.579003 
0.917000 	 2.552572 
0.918000 	 2.525005 
0.919000 	 2.496341 
0.920000 	 2.466619 
0.921000 	 2.435878 
0.922000 	 2.404157 
0.923000 	 2.371495 
0.924000 	 2.337931 
0.925000 	 2.303505 
0.926000 	 2.268255 
0.927000 	 2.232220 
0.928000 	 2.195439 
0.929000 	 2.157952 
0.930000 	 2.119797 
0.931000 	 2.081014 
0.932000 	 2.041641 
0.933000 	 2.001717 
0.934000 	 1.961282 
0.935000 	 1.920375 
0.936000 	 1.879034 
0.937000 	 1.837298 
0.938000 	 1.795208 
0.939000 	 1.752801 
0.940000 	 1.710117 
0.941000 	 1.667194 
0.942000 	 1.624073 
0.943000 	 1.580791 
0.944000 	 1.537388 
0.945000 	 1.493903 
0.946000 	 1.450375 
0.947000 	 1.406843 
0.948000 	 1.363346 
0.949000 	 1.319922 
0.950000 	 1.276612 
0.951000 	 1.233454 
0.952000 	 1.190488 
0.953000 	 1.147751 
0.954000 	 1.105284 
0.955000 	 1.063125 
0.956000 	 1.021313 
0.957000 	 0.979887 
0.958000 	 0.938887 
0.959000 	 0.898351 
0.960000 	 0.858319 
0.961000 	 0.818829 
0.962000 	 0.779921 
0.963000 	 0.741633 
0.964000 	 0.704005 
0.965000 	 0.667075 
0.966000 	 0.630883 
0.967000 	 0.595467 
0.968000 	 0.560868 
0.969000 	 0.527123 
0.970000 	 0.494272 
0.971000 	 0.462353 
0.972000 	 0.431407 
0.973000 	 0.401471 
0.974000 	 0.372585 
0.975000 	 0.344789 
0.976000 	 0.318120 
0.977000 	 0.292618 
0.978000 	 0.268322 
0.979000 	 0.245272 
0.980000 	 0.223505 
0.981000 	 0.203062 
0.982000 	 0.183981 
0.983000 	 0.166301 
0.984000 	 0.150061 
0.985000 	 0.135301 
0.986000 	 0.122059 
0.987000 	 0.110374 
0.988000 	 0.100286 
0.989000 	 0.091833 
0.990000 	 0.085055 
0.991000 	 0.079990 
0.992000 	 0.076678 
0.993000 	 0.075157 
0.994000 	 0.075467 
0.995000 	 0.077646 
0.996000 	 0.081735 
0.997000 	 0.087771 
0.998000 	 0.095793 
0.999000 	 0.105842 
1.000000 	 0.117955 
1.001000 	 0.132160 
1.002000 	 0.148431 
1.003000 	 0.166732 
1.004000 	 0.187026 
1.005000 	 0.209276 
1.006000 	 0.233445 
1.007000 	 0.259495 
1.008000 	 0.287390 
1.009000 	 0.317093 
1.010000 	 0.348566 
1.011000 	 0.381773 
1.012000 	 0.416677 
1.013000 	 0.453240 
1.014000 	 0.491427 
1.015000 	 0.531198 
1.016000 	 0.572519 
1.017000 	 0.615350 
1.018000 	 0.659657 
1.019000 	 0.705401 
1.020000 	 0.752545 
1.021000 	 0.801053 
1.022000 	 0.850888 
1.023000 	 0.902012 
1.024000 	 0.954388 
1.025000 	 1.007980 
1.026000 	 1.062750 
1.027000 	 1.118662 
1.028000 	 1.175678 
1.029000 	 1.233761 
1.030000 	 1.292875 
1.031000 	 1.352982 
1.032000 	 1.414046 
1.033000 	 1.476028 
1.034000 	 1.538893 
1.035000 	 1.602604 
1.036000 	 1.667122 
1.037000 	 1.732412 
1.038000 	 1.798436 
1.039000 	 1.865157 
1.040000 	 1.932538 
1.041000 	 2.000543 
1.042000 	 2.069133 
1.043000 	 2.138273 
1.044000 	 2.207925 
1.045000 	 2.278052 
1.046000 	 2.348616 
1.047000 	 2.419582 
1.048000 	 2.490913 
1.049000 	 2.562570 
1.050000 	 2.634517 
1.051000 	 2.706717 
1.052000 	 2.779133 
1.053000 	 2.851728 
1.054000 	 2.924464 
1.055000 	 2.997306 
1.056000 	 3.070216 
1.057000 	 3.143156 
1.058000 	 3.216091 
1.059000 	 3.288982 
1.060000 	 3.361793 
1.061000 	 3.434487 
1.062000 	 3.507027 
1.063000 	 3.579375 
1.064000 	 3.651495 
1.065000 	 3.723350 
1.066000 	 3.794903 
1.067000 	 3.866116 
1.068000 	 3.936953 
1.069000 	 4.007377 
1.070000 	 4.077350 
1.071000 	 4.146836 
1.072000 	 4.215797 
1.073000 	 4.284198 
1.074000 	 4.351999 
1.075000 	 4.419166 
1.076000 	 4.485659 
1.077000 	 4.551444 
1.078000 	 4.616481 
1.079000 	 4.680736 
1.080000 	 4.744170 
1.081000 	 4.806746 
1.082000 	 4.868428 
1.083000 	 4.929178 
1.084000 	 4.988959 
1.085000 	 5.047735 
1.086000 	 5.105468 
1.087000 	 5.162122 
1.088000 	 5.217659 
1.089000 	 5.272042 
1.090000 	 5.325234 
1.091000 	 5.377199 
1.092000 	 5.427899 
1.093000 	 5.477298 
1.094000 	 5.525357 
1.095000 	 5.572041 
1.096000 	 5.617312 
1.097000 	 5.661133 
1.098000 	 5.703467 
1.099000 	 5.744277 
1.100000 	 5.783527 
1.101000 	 5.821188 
1.102000 	 5.857268 
1.103000 	 5.891787 
1.104000 	 5.924761 
1.105000 	 5.956209 
1.106000 	 5.986148 
1.107000 	 6.014597 
1.108000 	 6.041573 
1.109000 	 6.067094 
1.110000 	 6.091177 
1.111000 	 6.113842 
1.112000 	 6.135105 
1.113000 	 6.154985 
1.114000 	 6.173499 
1.115000 	 6.190666 
1.116000 	 6.206502 
1.117000 	 6.221027 
1.118000 	 6.234258 
1.119000 	 6.246212 
1.120000 	 6.256908 
1.121000 	 6.266364 
1.122000 	 6.274596 
1.123000 	 6.281625 
1.124000 	 6.287466 
1.125000 	 6.292138 
1.126000 	 6.295659 
1.127000 	 6.298047 
1.128000 	 6.299319 
1.129000 	 6.299494 
1.130000 	 6.298589 
1.131000 	 6.296623 
1.132000 	 6.293612 
1.133000 	 6.289576 
1.134000 	 6.284531 
1.135000 	 6.278496 
1.136000 	 6.271488 
1.137000 	 6.263526 
1.138000 	 6.254628 
1.139000 	 6.244810 
1.140000 	 6.234091 
1.141000 	 6.222490 
1.142000 	 6.210023 
1.143000 	 6.196709 
1.144000 	 6.182565 
1.145000 	 6.167610 
1.146000 	 6.151861 
1.147000 	 6.135336 
1.148000 	 6.118053 
1.149000 	 6.100030 
1.150000 	 6.081284 
1.151000 	 6.061835 
1.152000 	 6.041699 
1.153000 	 6.020894 
1.154000 	 5.999438 
1.155000 	 5.977350 
1.156000 	 5.954646 
1.157000 	 5.931345 
1.158000 	 5.907465 
1.159000 	 5.883024 
1.160000 	 5.858039 
1.161000 	 5.832528 
1.162000 	 5.806510 
1.163000 	 5.780001 
1.164000 	 5.753021 
1.165000 	 5.725586 
1.166000 	 5.697715 
1.167000 	 5.669425 
1.168000 	 5.640735 
1.169000 	 5.611662 
1.170000 	 5.582225 
1.171000 	 5.552440 
1.172000 	 5.522326 
1.173000 	 5.491901 
1.174000 	 5.461183 
1.175000 	 5.430189 
1.176000 	 5.398937 
1.177000 	 5.367446 
1.178000 	 5.335733 
1.179000 	 5.303815 
1.180000 	 5.271712 
1.181000 	 5.239440 
1.182000 	 5.207018 
1.183000 	 5.174464 
1.184000 	 5.141794 
1.185000 	 5.109028 
1.186000 	 5.076183 
1.187000 	 5.043277 
1.188000 	 5.010328 
1.189000 	 4.977354 
1.190000 	 4.944372 
1.191000 	 4.911400 
1.192000 	 4.878457 
1.193000 	 4.845560 
1.194000 	 4.812726 
1.195000 	 4.779975 
1.196000 	 4.747324 
1.197000 	 4.714790 
1.198000 	 4.682392 
1.199000 	 4.650147 
1.200000 	 4.618073 
1.201000 	 4.586186 
1.202000 	 4.554489 
1.203000 	 4.522982 
1.204000 	 4.491667 
1.205000 	 4.460544 
1.206000 	 4.429615 
1.207000 	 4.398880 
1.208000 	 4.368340 
1.209000 	 4.337995 
1.210000 	 4.307847 
1.211000 	 4.277897 
1.212000 	 4.248145 
1.213000 	 4.218591 
1.214000 	 4.189238 
1.215000 	 4.160086 
1.216000 	 4.131135 
1.217000 	 4.102386 
1.218000 	 4.073841 
1.219000 	 4.045499 
1.220000 	 4.017363 
1.221000 	 3.989432 
1.222000 	 3.961708 
1.223000 	 3.934191 
1.224000 	 3.906882 
1.225000 	 3.879783 
1.226000 	 3.852893 
1.227000 	 3.826214 
1.228000 	 3.799746 
1.229000 	 3.773491 
1.230000 	 3.747449 
1.231000 	 3.721621 
1.232000 	 3.696008 
1.233000 	 3.670610 
1.234000 	 3.645429 
1.235000 	 3.620465 
1.236000 	 3.595719 
1.237000 	 3.571193 
1.238000 	 3.546886 
1.239000 	 3.522799 
1.240000 	 3.498935 
1.241000 	 3.475292 
1.242000 	 3.451873 
1.243000 	 3.428677 
1.244000 	 3.405707 
1.245000 	 3.382961 
1.246000 	 3.360443 
1.247000 	 3.338151 
1.248000 	 3.316088 
1.249000 	 3.294254 
1.250000 	 3.272649 
1.251000 	 3.251275 
1.252000 	 3.230132 
1.253000 	 3.209222 
1.254000 	 3.188544 
1.255000 	 3.168101 
1.256000 	 3.147892 
1.257000 	 3.127919 
1.258000 	 3.108182 
1.259000 	 3.088683 
1.260000 	 3.069421 
1.261000 	 3.050398 
1.262000 	 3.031615 
1.263000 	 3.013073 
1.264000 	 2.994772 
1.265000 	 2.976713 
1.266000 	 2.958897 
1.267000 	 2.941325 
1.268000 	 2.923997 
1.269000 	 2.906915 
1.270000 	 2.890080 
1.271000 	 2.873491 
1.272000 	 2.857151 
1.273000 	 2.841059 
1.274000 	 2.825217 
1.275000 	 2.809626 
1.276000 	 2.794286 
1.277000 	 2.779198 
1.278000 	 2.764362 
1.279000 	 2.749781 
1.280000 	 2.735454 
1.281000 	 2.721383 
1.282000 	 2.707568 
1.283000 	 2.694010 
1.284000 	 2.680710 
1.285000 	 2.667669 
1.286000 	 2.654888 
1.287000 	 2.642366 
1.288000 	 2.630106 
1.289000 	 2.618109 
1.290000 	 2.606374 
1.291000 	 2.594903 
1.292000 	 2.583696 
1.293000 	 2.572755 
1.294000 	 2.562080 
1.295000 	 2.551672 
1.296000 	 2.541532 
1.297000 	 2.531660 
1.298000 	 2.522059 
1.299000 	 2.512727 
1.300000 	 2.503667 
1.301000 	 2.494878 
1.302000 	 2.486359 
1.303000 	 2.478108 
1.304000 	 2.470123 
1.305000 	 2.462400 
1.306000 	 2.454939 
1.307000 	 2.447737 
1.308000 	 2.440792 
1.309000 	 2.434101 
1.310000 	 2.427663 
1.311000 	 2.421476 
1.312000 	 2.415536 
1.313000 	 2.409843 
1.314000 	 2.404393 
1.315000 	 2.399185 
1.316000 	 2.394216 
1.317000 	 2.389485 
1.318000 	 2.384989 
1.319000 	 2.380726 
1.320000 	 2.376694 
1.321000 	 2.372890 
1.322000 	 2.369313 
1.323000 	 2.365960 
1.324000 	 2.362829 
1.325000 	 2.359918 
1.326000 	 2.357225 
1.327000 	 2.354748 
1.328000 	 2.352484 
1.329000 	 2.350432 
1.330000 	 2.348588 
1.331000 	 2.346952 
1.332000 	 2.345520 
1.333000 	 2.344291 
1.334000 	 2.343263 
1.335000 	 2.342432 
1.336000 	 2.341798 
1.337000 	 2.341358 
1.338000 	 2.341109 
1.339000 	 2.341050 
1.340000 	 2.341179 
1.341000 	 2.341493 
1.342000 	 2.341990 
1.343000 	 2.342667 
1.344000 	 2.343524 
1.345000 	 2.344557 
1.346000 	 2.345765 
1.347000 	 2.347144 
1.348000 	 2.348694 
1.349000 	 2.350412 
1.350000 	 2.352296 
1.351000 	 2.354343 
1.352000 	 2.356551 
1.353000 	 2.358919 
1.354000 	 2.361444 
1.355000 	 2.364124 
1.356000 	 2.366956 
1.357000 	 2.369939 
1.358000 	 2.373071 
1.359000 	 2.376348 
1.360000 	 2.379770 
1.361000 	 2.383334 
1.362000 	 2.387037 
1.363000 	 2.390878 
1.364000 	 2.394854 
1.365000 	 2.398963 
1.366000 	 2.403204 
1.367000 	 2.407573 
1.368000 	 2.412069 
1.369000 	 2.416690 
1.370000 	 2.421433 
1.371000 	 2.426296 
1.372000 	 2.431277 
1.373000 	 2.436374 
1.374000 	 2.441584 
1.375000 	 2.446907 
1.376000 	 2.452338 
1.377000 	 2.457877 
1.378000 	 2.463520 
1.379000 	 2.469267 
1.380000 	 2.475114 
1.381000 	 2.481060 
1.382000 	 2.487102 
1.383000 	 2.493238 
1.384000 	 2.499466 
1.385000 	 2.505784 
1.386000 	 2.512190 
1.387000 	 2.518681 
1.388000 	 2.525256 
1.389000 	 2.531911 
1.390000 	 2.538646 
1.391000 	 2.545457 
1.392000 	 2.552343 
1.393000 	 2.559302 
1.394000 	 2.566331 
1.395000 	 2.573428 
1.396000 	 2.580591 
1.397000 	 2.587817 
1.398000 	 2.595106 
1.399000 	 2.602453 
1.400000 	 2.609859 
1.401000 	 2.617319 
1.402000 	 2.624832 
1.403000 	 2.632397 
1.404000 	 2.640011 
1.405000 	 2.647672 
1.406000 	 2.655379 
1.407000 	 2.663130 
1.408000 	 2.670922 
1.409000 	 2.678753 
1.410000 	 2.686623 
1.411000 	 2.694528 
1.412000 	 2.702467 
1.413000 	 2.710438 
1.414000 	 2.718440 
1.415000 	 2.726469 
1.416000 	 2.734524 
1.417000 	 2.742604 
1.418000 	 2.750706 
1.419000 	 2.758828 
1.420000 	 2.766969 
1.421000 	 2.775127 
1.422000 	 2.783299 
1.423000 	 2.791483 
1.424000 	 2.799679 
1.425000 	 2.807883 
1.426000 	 2.816094 
1.427000 	 2.824310 
1.428000 	 2.832529 
1.429000 	 2.840749 
1.430000 	 2.848968 
1.431000 	 2.857185 
1.432000 	 2.865397 
1.433000 	 2.873602 
1.434000 	 2.881798 
1.435000 	 2.889985 
1.436000 	 2.898158 
1.437000 	 2.906318 
1.438000 	 2.914461 
1.439000 	 2.922586 
1.440000 	 2.930690 
1.441000 	 2.938773 
1.442000 	 2.946832 
1.443000 	 2.954864 
1.444000 	 2.962869 
1.445000 	 2.970844 
1.446000 	 2.978788 
1.447000 	 2.986697 
1.448000 	 2.994572 
1.449000 	 3.002408 
1.450000 	 3.010205 
1.451000 	 3.017961 
1.452000 	 3.025674 
1.453000 	 3.033341 
1.454000 	 3.040961 
1.455000 	 3.048532 
1.456000 	 3.056053 
1.457000 	 3.063520 
1.458000 	 3.070932 
1.459000 	 3.078287 
1.460000 	 3.085584 
1.461000 	 3.092820 
1.462000 	 3.099994 
1.463000 	 3.107103 
1.464000 	 3.114145 
1.465000 	 3.121119 
1.466000 	 3.128023 
1.467000 	 3.134855 
1.468000 	 3.141612 
1.469000 	 3.148294 
1.470000 	 3.154897 
1.471000 	 3.161420 
1.472000 	 3.167862 
1.473000 	 3.174219 
1.474000 	 3.180491 
1.475000 	 3.186675 
1.476000 	 3.192770 
1.477000 	 3.198773 
1.478000 	 3.204683 
1.479000 	 3.210497 
1.480000 	 3.216214 
1.481000 	 3.221832 
1.482000 	 3.227348 
1.483000 	 3.232761 
1.484000 	 3.238070 
1.485000 	 3.243271 
1.486000 	 3.248363 
1.487000 	 3.253345 
1.488000 	 3.258214 
1.489000 	 3.262968 
1.490000 	 3.267606 
1.491000 	 3.272125 
1.492000 	 3.276523 
1.493000 	 3.280799 
1.494000 	 3.284951 
1.495000 	 3.288976 
1.496000 	 3.292874 
1.497000 	 3.296641 
1.498000 	 3.300276 
1.499000 	 3.303777 
1.500000 	 3.307142 
1.501000 	 3.310370 
1.502000 	 3.313463 
1.503000 	 3.316424 
1.504000 	 3.319254 
1.505000 	 3.321958 
1.506000 	 3.324537 
1.507000 	 3.326994 
1.508000 	 3.329332 
1.509000 	 3.331553 
1.510000 	 3.333661 
1.511000 	 3.335658 
1.512000 	 3.337546 
1.513000 	 3.339328 
1.514000 	 3.341007 
1.515000 	 3.342586 
1.516000 	 3.344066 
1.517000 	 3.345452 
1.518000 	 3.346745 
1.519000 	 3.347949 
1.520000 	 3.349065 
1.521000 	 3.350097 
1.522000 	 3.351047 
1.523000 	 3.351918 
1.524000 	 3.352713 
1.525000 	 3.353434 
1.526000 	 3.354083 
1.527000 	 3.354665 
1.528000 	 3.355180 
1.529000 	 3.355633 
1.530000 	 3.356025 
1.531000 	 3.356359 
1.532000 	 3.356639 
1.533000 	 3.356865 
1.534000 	 3.357043 
1.535000 	 3.357173 
1.536000 	 3.357258 
1.537000 	 3.357302 
1.538000 	 3.357307 
1.539000 	 3.357276 
1.540000 	 3.357210 
1.541000 	 3.357114 
1.542000 	 3.356990 
1.543000 	 3.356839 
1.544000 	 3.356666 
1.545000 	 3.356472 
1.546000 	 3.356261 
1.547000 	 3.356034 
1.548000 	 3.355796 
1.549000 	 3.355547 
1.550000 	 3.355292 
1.551000 	 3.355032 
1.552000 	 3.354770 
1.553000 	 3.354510 
1.554000 	 3.354253 
1.555000 	 3.354003 
1.556000 	 3.353761 
1.557000 	 3.353531 
1.558000 	 3.353316 
1.559000 	 3.353118 
1.560000 	 3.352939 
1.561000 	 3.352783 
1.562000 	 3.352651 
1.563000 	 3.352548 
1.564000 	 3.352474 
1.565000 	 3.352434 
1.566000 	 3.352430 
1.567000 	 3.352464 
1.568000 	 3.352538 
1.569000 	 3.352657 
1.570000 	 3.352822 
1.571000 	 3.353036 
1.572000 	 3.353302 
1.573000 	 3.353622 
1.574000 	 3.354000 
1.575000 	 3.354437 
1.576000 	 3.354936 
1.577000 	 3.355501 
1.578000 	 3.356133 
1.579000 	 3.356836 
1.580000 	 3.357612 
1.581000 	 3.358463 
1.582000 	 3.359393 
1.583000 	 3.360404 
1.584000 	 3.361499 
1.585000 	 3.362680 
1.586000 	 3.363951 
1.587000 	 3.365313 
1.588000 	 3.366770 
1.589000 	 3.368324 
1.590000 	 3.369977 
1.591000 	 3.371733 
1.592000 	 3.373594 
1.593000 	 3.375563 
1.594000 	 3.377643 
1.595000 	 3.379835 
1.596000 	 3.382144 
1.597000 	 3.384571 
1.598000 	 3.387119 
1.599000 	 3.389791 
1.600000 	 3.392589 
1.601000 	 3.395516 
1.602000 	 3.398571 
1.603000 	 3.401752 
1.604000 	 3.405059 
1.605000 	 3.408489 
1.606000 	 3.412043 
1.607000 	 3.415717 
1.608000 	 3.419512 
1.609000 	 3.423426 
1.610000 	 3.427457 
1.611000 	 3.431605 
1.612000 	 3.435867 
1.613000 	 3.440243 
1.614000 	 3.444732 
1.615000 	 3.449331 
1.616000 	 3.454041 
1.617000 	 3.458859 
1.618000 	 3.463784 
1.619000 	 3.468815 
1.620000 	 3.473950 
1.621000 	 3.479189 
1.622000 	 3.484530 
1.623000 	 3.489972 
1.624000 	 3.495513 
1.625000 	 3.501152 
1.626000 	 3.506889 
1.627000 	 3.512720 
1.628000 	 3.518646 
1.629000 	 3.524666 
1.630000 	 3.530776 
1.631000 	 3.536978 
1.632000 	 3.543268 
1.633000 	 3.549646 
1.634000 	 3.556111 
1.635000 	 3.562661 
1.636000 	 3.569295 
1.637000 	 3.576011 
1.638000 	 3.582809 
1.639000 	 3.589687 
1.640000 	 3.596644 
1.641000 	 3.603678 
1.642000 	 3.610789 
1.643000 	 3.617974 
1.644000 	 3.625233 
1.645000 	 3.632565 
1.646000 	 3.639967 
1.647000 	 3.647439 
1.648000 	 3.654980 
1.649000 	 3.662588 
1.650000 	 3.670262 
1.651000 	 3.678000 
1.652000 	 3.685801 
1.653000 	 3.693665 
1.654000 	 3.701589 
1.655000 	 3.709573 
1.656000 	 3.717615 
1.657000 	 3.725713 
1.658000 	 3.733868 
1.659000 	 3.742076 
1.660000 	 3.750337 
1.661000 	 3.758650 
1.662000 	 3.767014 
1.663000 	 3.775426 
1.664000 	 3.783887 
1.665000 	 3.792393 
1.666000 	 3.800945 
1.667000 	 3.809541 
1.668000 	 3.818180 
1.669000 	 3.826860 
1.670000 	 3.835580 
1.671000 	 3.844338 
1.672000 	 3.853134 
1.673000 	 3.861967 
1.674000 	 3.870834 
1.675000 	 3.879735 
1.676000 	 3.888668 
1.677000 	 3.897632 
1.678000 	 3.906626 
1.679000 	 3.915648 
1.680000 	 3.924697 
1.681000 	 3.933772 
1.682000 	 3.942872 
1.683000 	 3.951995 
1.684000 	 3.961140 
1.685000 	 3.970305 
1.686000 	 3.979490 
1.687000 	 3.988693 
1.688000 	 3.997913 
1.689000 	 4.007148 
1.690000 	 4.016398 
1.691000 	 4.025660 
1.692000 	 4.034934 
1.693000 	 4.044218 
1.694000 	 4.053512 
1.695000 	 4.062813 
1.696000 	 4.072121 
1.697000 	 4.081433 
1.698000 	 4.090750 
1.699000 	 4.100069 
